  Nr    Dags.    Timi      Breidd     Lengd   Dypi   M     ML
   1 20210222 004920.387 63.97388 -19.99837  7.151  1.07  0.54
   2 20210222 020650.254 63.89087 -22.31108  5.767  0.92 -0.15
   3 20210222 021538.214 63.87071 -22.30554  5.559  0.82 -0.16
   4 20210222 021553.206 63.84389 -22.48644  2.431  0.56 -0.08
   5 20210222 030124.910 63.87779 -22.45043  0.135  0.51 -0.07
   6 20210222 030819.397 63.86781 -22.47810  3.474  0.25 -0.24
   7 20210222 033919.380 63.88974 -22.39745  3.583  0.37 -0.52
   8 20210222 035601.463 63.86083 -22.30532  1.322  0.45 -0.16
   9 20210222 040836.976 63.82113 -22.50821  4.794  1.01  0.43
  10 20210222 042313.603 63.85114 -22.39573  4.963  1.26  0.02
  11 20210222 043855.406 63.87834 -22.31850  4.977  0.74 -0.30
  12 20210222 044904.499 65.11150 -16.42764  6.189  0.47  0.30
  13 20210222 045608.194 64.93808 -18.97283  7.825  1.67  1.53
  14 20210222 072004.558 63.87029 -22.30481  4.095  0.87 -0.03
  15 20210222 074528.041 66.28435 -16.72192  6.177  1.04  1.06
  16 20210222 102750.972 64.65417 -17.52200  3.473  1.96  1.57
  17 20210222 104959.139 63.36488 -24.16922  5.129  2.26  2.73
  18 20210222 105536.108 63.63422 -23.37137 12.344  2.48  2.49
  19 20210222 110331.672 63.62596 -23.36267 12.373  1.54  1.90
  20 20210222 110841.698 63.62590 -23.34050 13.724  1.83  2.09
  21 20210222 112110.179 63.64482 -23.37307 14.107  1.79  2.10
  22 20210222 112133.667 63.63310 -23.36504 12.304  2.04  2.16
  23 20210222 113801.933 63.88824 -22.31682  5.792  1.09 -0.13
  24 20210222 113956.905 66.21030 -17.64360  8.406  1.08  1.21
  25 20210222 115637.463 63.65585 -23.36768 15.015  2.06  2.16
  26 20210222 115820.941 63.43850 -24.29932  0.812  2.28  2.91
  27 20210222 120458.284 63.62162 -23.34842 10.085  1.97  1.88
  28 20210222 123751.952 63.82949 -22.47238  4.329  0.78  0.34
  29 20210222 130200.898 63.88467 -22.32414  6.210  0.93  0.16
  30 20210222 132153.399 63.89262 -22.30978  5.539  0.83  0.13
  31 20210222 132416.779 64.00794 -16.49458 10.475  0.89  0.46
  32 20210222 134943.414 66.20618 -17.64065  7.866  0.87  1.17
  33 20210222 135254.189 63.58890 -23.29978  8.847  1.62  1.93
  34 20210222 143845.506 65.15648 -16.33478  6.074  0.94  0.80
  35 20210222 144546.501 65.15800 -16.33519  5.812  0.58  0.52
  36 20210222 145310.056 65.15268 -16.34765  7.489  1.32  1.24
  37 20210222 150601.559 63.99137 -20.69057  6.479  1.03  0.62
  38 20210222 151210.557 63.90459 -22.25487  6.063  1.10  0.25
  39 20210222 151859.967 66.22385 -17.65876 10.064  1.21  1.21
  40 20210222 154300.685 66.21885 -17.64312  7.459  0.81  1.03
  41 20210222 162007.093 64.66575 -17.38155  5.115  0.86  0.57
  42 20210222 162518.924 65.14755 -16.34838 10.263  1.09  0.99
  43 20210222 164921.050 64.03532 -21.55258  6.585  0.70  0.10
  44 20210222 171512.814 64.05176 -20.95845  5.619  0.84  0.51
  45 20210222 173054.186 63.88850 -22.31726  5.852  0.85  0.06
  46 20210222 173752.371 66.46344 -17.60701  5.918  1.57  1.17
  47 20210222 174955.578 64.12786 -21.39509  5.612  1.10  0.80
  48 20210222 175800.587 63.87962 -22.38328  0.466  0.19 -0.69
  49 20210222 175818.959 63.88073 -22.36730  4.419  1.30  0.19
  50 20210222 180629.331 63.88161 -22.36315  3.923  0.67 -0.19
  51 20210222 183407.890 63.88898 -22.31362  5.536  0.76 -0.27
  52 20210222 183441.332 66.22108 -18.56736  7.460  2.42  2.53
  53 20210222 184152.069 66.22317 -18.55155  8.259  1.27  1.65
  54 20210222 184547.710 63.88870 -22.31559  5.478  0.85  0.29
  55 20210222 185427.056 63.89051 -22.30989  5.875  1.36  0.89
  56 20210222 185518.246 63.88835 -22.31537  5.647  0.41 -0.28
  57 20210222 190605.873 63.87314 -22.39966  4.429  0.92 -0.14
  58 20210222 191044.994 66.21503 -17.66142 10.640  0.66  0.78
  59 20210222 191220.327 63.89122 -22.31303  5.672  1.65  1.03
  60 20210222 191618.638 63.87244 -22.40177  4.803  1.24  0.37
  61 20210222 191905.543 63.88668 -22.31682  5.845  0.91 -0.06
  62 20210222 192510.223 63.88895 -22.31853  5.486  0.43 -0.44
  63 20210222 193213.846 63.89196 -22.30976  5.179  0.56 -0.05
  64 20210222 194829.630 63.89717 -22.26051  6.187  1.28  0.22
  65 20210222 195619.569 63.89176 -22.31291  5.405  0.71  0.15
  66 20210222 201744.851 63.94178 -21.42415  6.369  0.90  0.22
  67 20210222 204042.741 66.22316 -18.56274 12.316  0.88  1.23
  68 20210222 205954.891 66.20795 -17.65119 10.928  0.50  0.82
  69 20210222 211546.874 66.20596 -17.64363 10.167  1.21  1.16
  70 20210222 212652.540 65.70605 -16.80609  3.837  0.79  0.62
  71 20210222 213718.949 66.22643 -18.55805  5.220  1.36  1.42
  72 20210222 230053.339 66.21497 -17.65962  9.084  0.88  1.12
  73 20210222 230736.040 66.21332 -17.64939  8.337  0.61  0.92
  74 20210222 231630.063 66.64310 -17.90052 10.605  1.78  1.91
  75 20210222 233339.661 63.84868 -22.26450  4.764  0.89  0.00
  76 20210222 233447.989 64.00649 -21.61539  7.702  0.34  0.21
  77 20210223 014439.417 63.88350 -22.25331  1.078  0.53 -0.04
  78 20210223 020918.725 63.88791 -22.25153  0.609  0.49  0.00
  79 20210223 021558.829 66.23410 -17.67858  5.596  0.83  0.79
  80 20210223 030926.808 66.22202 -17.66863 10.840  1.91  2.07
  81 20210223 032618.822 66.20930 -17.64932  9.189  1.32  1.21
  82 20210223 035423.229 66.64013 -17.88598  9.792  1.19  1.41
  83 20210223 035722.014 66.22134 -17.66511 10.137  1.29  1.41
  84 20210223 041345.715 66.65075 -17.89747  9.977  1.18  1.45
  85 20210223 041850.066 63.87944 -22.08430  5.711  1.03  0.54
  86 20210223 043219.183 64.12649 -21.39438  5.628  0.98  0.37
  87 20210223 050811.117 66.64337 -17.86200  7.696  1.14  1.34
  88 20210223 060953.183 66.65650 -17.91168 11.382  1.48  1.92
  89 20210223 063648.544 64.63470 -17.43399  5.983  1.38  1.00
  90 20210223 063859.236 63.83409 -22.44434  3.652  0.30 -0.98
  91 20210223 070252.452 63.92131 -21.99644  3.344  1.21  0.61
  92 20210223 074220.011 64.34724 -20.54122  4.769  0.96  1.33
  93 20210223 074715.354 66.22270 -17.65511  7.802  0.95  1.11
  94 20210223 080759.248 64.34297 -20.52470 10.450  0.73  1.17
  95 20210223 081930.803 63.84514 -22.44514  2.169  1.08  0.28
  96 20210223 081958.462 63.83587 -22.44557  4.002  0.98  0.09
  97 20210223 082123.983 63.84101 -22.44929  3.755  1.18  0.34
  98 20210223 082338.628 63.83764 -22.44499  3.932  1.28  0.53
  99 20210223 082510.440 63.83700 -22.44264  3.138  0.26 -0.36
 100 20210223 082726.013 63.84318 -22.44863  1.939  0.99 -0.08
 101 20210223 083819.879 66.22250 -17.67048 10.976  1.61  1.45
 102 20210223 084542.409 66.58254 -18.96955  4.507  1.45  1.91
 103 20210223 085104.279 63.87022 -22.31306  3.808  1.18  0.54
 104 20210223 085132.331 63.87072 -22.31040  3.887  1.51  0.83
 105 20210223 085248.365 63.87184 -22.31278  3.849  1.07  0.30
 106 20210223 085306.903 63.86928 -22.31587  3.655  0.76 -0.04
 107 20210223 085333.945 63.89790 -22.29533  4.525  0.89 -0.28
 108 20210223 085621.002 63.86964 -22.31614  3.761  0.89  0.12
 109 20210223 090012.670 63.87969 -22.30154  2.619  1.45  0.73
 110 20210223 090119.632 63.86765 -22.39770  3.251  0.58 -0.29
 111 20210223 090215.306 63.86579 -22.32288  3.948  0.96  0.42
 112 20210223 090245.896 63.86906 -22.31610  3.765  0.89  0.05
 113 20210223 090403.219 63.87315 -22.31197  3.614  1.11  0.24
 114 20210223 090505.674 63.87089 -22.31211  3.778  1.48  0.74
 115 20210223 090606.427 63.87229 -22.31098  3.914  1.93  1.20
 116 20210223 090708.762 63.87250 -22.30888  3.672  1.36  0.75
 117 20210223 090753.014 63.87216 -22.31394  3.593  1.46  0.72
 118 20210223 090843.051 65.88731 -16.96292  5.419  0.87  0.44
 119 20210223 090902.730 63.87080 -22.31481  3.892  0.86 -0.04
 120 20210223 091619.165 63.87442 -22.30899  3.857  1.71  0.80
 121 20210223 091756.213 63.87300 -22.31232  3.919  1.21  0.50
 122 20210223 091829.123 63.87142 -22.31334  3.911  0.88  0.45
 123 20210223 092059.352 63.87167 -22.31635  3.972  1.38  0.86
 124 20210223 092128.959 63.87248 -22.30877  3.875  1.39  0.68
 125 20210223 092325.237 63.86897 -22.32032  3.808  0.91  0.20
 126 20210223 092553.616 63.87119 -22.31616  4.079  0.80 -0.02
 127 20210223 092615.519 63.87217 -22.30969  4.341  1.93  1.22
 128 20210223 092734.289 63.86913 -22.31412  3.614  0.72  0.09
 129 20210223 092836.194 63.87299 -22.31315  4.088  1.17  0.45
 130 20210223 092904.394 63.83314 -22.44026  3.860  0.76  0.20
 131 20210223 092951.979 63.87197 -22.31130  3.704  1.35  0.56
 132 20210223 093009.256 63.86880 -22.31606  3.926  1.18  0.45
 133 20210223 093047.554 63.87111 -22.31435  3.656  1.10  0.51
 134 20210223 093106.811 63.87172 -22.31379  3.580  0.92  0.01
 135 20210223 093124.284 63.87965 -22.30361  2.691  1.03  0.19
 136 20210223 093144.686 63.86953 -22.32270  3.842  0.84  0.19
 137 20210223 093208.397 63.87106 -22.31194  4.353  2.28  1.69
 138 20210223 093224.334 63.87391 -22.30776  4.152  2.03  1.34
 139 20210223 093254.950 63.87393 -22.31157  3.601  1.53  0.78
 140 20210223 093333.137 63.87295 -22.31347  4.026  1.30  1.05
 141 20210223 093351.941 63.87444 -22.30837  4.694  2.08  1.67
 142 20210223 093532.021 63.87559 -22.30150  4.522  1.71  1.40
 143 20210223 093601.953 63.87328 -22.30689  3.968  2.05  1.66
 144 20210223 093732.680 63.86997 -22.31516  3.319  0.85  0.45
 145 20210223 093830.711 63.87386 -22.31008  4.191  1.23  0.44
 146 20210223 093851.176 63.87020 -22.31446  3.334  0.84  0.01
 147 20210223 093906.728 63.87423 -22.30495  4.516  1.99  1.36
 148 20210223 093955.685 63.87229 -22.31091  3.677  1.25  0.84
 149 20210223 094022.168 63.86921 -22.31153  3.959  0.85  0.34
 150 20210223 094051.561 63.86971 -22.30997  3.822  0.78  0.38
 151 20210223 094154.579 63.87037 -22.32145  4.057  1.05  0.26
 152 20210223 094227.592 63.85250 -22.63999  5.318  1.06  0.45
 153 20210223 094316.820 63.87432 -22.30719  4.360  2.07  1.69
 154 20210223 094332.543 63.86544 -22.31334  4.198  1.21  0.87
 155 20210223 094334.503 63.87284 -22.31843  4.265  1.40  0.73
 156 20210223 094422.665 63.87262 -22.31100  3.355  1.70  1.22
 157 20210223 094445.756 63.86948 -22.30826  4.005  0.89  0.36
 158 20210223 094535.799 63.86760 -22.31555  2.896  0.87  0.43
 159 20210223 094809.531 63.87280 -22.30864  3.307  1.03  0.81
 160 20210223 094828.859 63.87218 -22.30367  3.667  1.40  0.98
 161 20210223 095033.835 63.87421 -22.30326  3.945  1.63  1.43
 162 20210223 095149.071 63.87170 -22.31857  3.959  1.13  0.57
 163 20210223 095328.507 63.87052 -22.31131  3.192  0.76  0.22
 164 20210223 095529.099 63.87157 -22.30941  4.191  0.85  0.00
 165 20210223 095938.709 63.86991 -22.30984  3.370  1.06  0.29
 166 20210223 100043.920 63.87248 -22.31527  3.474  0.82 -0.11
 167 20210223 100138.015 63.86886 -22.32104  4.275  1.07  0.37
 168 20210223 100300.164 63.87018 -22.30684  3.910  2.00  1.39
 169 20210223 100426.137 63.87512 -22.29961  2.835  0.67  0.04
 170 20210223 100530.816 63.87381 -22.31449  3.299  0.96  0.18
 171 20210223 100556.077 63.86958 -22.31321  3.342  0.43 -0.09
 172 20210223 100806.865 66.62878 -18.97071 10.005  1.57  1.68
 173 20210223 101309.835 63.87053 -22.31073  3.826  0.87  0.33
 174 20210223 102338.932 63.87299 -22.31093  4.308  0.83  0.29
 175 20210223 102533.305 63.87109 -22.31437  3.076  0.86  0.08
 176 20210223 102833.249 66.22543 -17.65373  7.558  0.83  1.15
 177 20210223 103448.502 63.87318 -22.31010  4.085  0.86  0.56
 178 20210223 104212.473 63.87139 -22.31148  4.199  1.31  0.49
 179 20210223 105043.548 63.90534 -22.25448  6.396  0.75  0.44
 180 20210223 105235.913 63.87091 -22.31307  4.037  0.91 -0.08
 181 20210223 105700.290 63.87468 -22.30911  3.859  0.66  0.22
 182 20210223 111102.178 63.87042 -22.31339  4.256  1.09  0.42
 183 20210223 113244.773 63.87102 -22.32711  4.367  0.79  0.27
 184 20210223 113408.287 66.28407 -16.71810  3.045  0.67  0.66
 185 20210223 115936.788 63.87163 -22.32708  4.032  0.87  0.00
 186 20210223 121120.239 63.87057 -22.32747  4.340  0.98  0.30
 187 20210223 121633.517 63.87083 -22.32698  4.357  1.15  0.60
 188 20210223 122534.913 63.89597 -22.40612  3.523  0.04 -0.32
 189 20210223 122631.865 63.87712 -22.30340  3.453  1.16  0.22
 190 20210223 123407.541 64.05045 -21.25802  6.342  0.70  0.74
 191 20210223 123611.149 63.86697 -22.32151  3.059  0.42 -0.19
 192 20210223 124028.457 66.22151 -17.66949  9.849  0.81  1.08
 193 20210223 124044.267 66.22160 -17.67333 10.974  1.02  1.27
 194 20210223 124822.673 66.23048 -18.49769  8.830  1.20  1.40
 195 20210223 132111.131 66.31451 -17.43423 10.005  0.81  1.03
 196 20210223 134658.500 63.53490 -23.51490 10.005  2.25  1.96
 197 20210223 153727.303 64.37958 -17.34978  7.500  1.69  1.18
 198 20210223 163649.809 66.50773 -17.59981  3.851  1.26  1.32
 199 20210223 163917.507 63.88713 -22.42434  3.521  0.61 -0.41
 200 20210223 174048.598 63.87019 -22.32488  4.311  0.75  0.04
 201 20210223 190726.245 64.39652 -17.29044  3.786  1.07  1.24
 202 20210223 193101.155 63.86547 -22.42218  1.085  0.81  0.33
 203 20210223 202100.080 63.89731 -22.26422  5.567  0.97  0.29
 204 20210223 215440.605 64.05179 -21.38495  4.544  0.68  0.43
 205 20210223 221557.074 66.21448 -17.65969  6.592  0.94  1.04
 206 20210224 002116.233 63.88563 -22.36596  4.974  1.04  0.42
 207 20210224 003847.942 66.63693 -17.91400 11.154  1.34  1.47
 208 20210224 004003.387 64.40063 -17.30335  2.129  1.02  0.69
 209 20210224 005530.601 66.65365 -17.88628 10.005  1.20  1.20
 210 20210224 020610.644 63.90766 -22.23061  9.527  1.09  0.94
 211 20210224 023622.084 63.91162 -22.23015  7.917  1.63  1.05
 212 20210224 023929.999 64.01179 -20.34066  5.252  1.15  1.10
 213 20210224 024219.736 66.64536 -17.90298 10.005  0.88  1.12
 214 20210224 035502.280 63.91297 -22.22600  7.824  0.94  0.31
 215 20210224 041431.678 63.90613 -22.23973  8.752  0.91  0.00
 216 20210224 042515.999 63.87299 -22.31556  3.279  0.98  0.77
 217 20210224 043109.912 66.64521 -17.92610 12.175  1.16  1.38
 218 20210224 043312.248 63.88831 -22.31756  0.949  0.69  0.30
 219 20210224 044220.630 63.90493 -22.23007 10.111  1.07  0.75
 220 20210224 044713.201 63.89990 -22.23798  9.476  1.10  0.81
 221 20210224 045337.718 63.87312 -22.31457  3.293  1.21  0.73
 222 20210224 045454.475 66.23064 -18.32287  7.025  0.76  1.16
 223 20210224 045527.952 63.87119 -22.31625  3.013  0.58  0.24
 224 20210224 052732.284 63.90432 -22.24043  8.764  1.01  0.06
 225 20210224 070532.708 63.91675 -22.24374  6.196  0.77 -0.02
 226 20210224 072438.928 63.91187 -22.22997  6.300  1.29  1.02
 227 20210224 072555.412 63.91679 -22.22783  6.872  1.49  1.36
 228 20210224 072645.553 63.90900 -22.23353  6.816  1.27  1.12
 229 20210224 072827.828 63.91460 -22.23257  7.112  1.91  1.50
 230 20210224 072925.834 63.91975 -22.21504  8.077  1.44  0.92
 231 20210224 073000.757 63.91487 -22.22762  6.872  1.47  1.25
 232 20210224 073220.803 63.91000 -22.23278  6.098  1.35  1.05
 233 20210224 073306.639 63.91581 -22.22455  7.516  1.38  1.01
 234 20210224 073347.991 63.91322 -22.23221  7.103  1.37  1.20
 235 20210224 073453.149 63.90958 -22.22661  6.605  1.64  1.32
 236 20210224 073656.132 63.91509 -22.23012  7.632  1.51  1.58
 237 20210224 073754.237 63.91517 -22.22675  7.173  0.96  0.95
 238 20210224 073839.287 63.91708 -22.22862  7.092  1.53  1.28
 239 20210224 073919.553 63.91031 -22.23146  7.225  1.61  1.35
 240 20210224 074003.601 63.92379 -22.22429  7.193  1.57  1.19
 241 20210224 074054.025 63.91949 -22.22465  7.089  2.05  1.64
 242 20210224 074203.670 63.92046 -22.23058  6.932  2.02  1.85
 243 20210224 074329.688 63.91891 -22.22525  7.155  1.87  1.51
 244 20210224 074512.007 63.91866 -22.22317  6.973  2.36  1.82
 245 20210224 074650.892 63.91877 -22.22271  6.369  2.39  1.94
 246 20210224 074852.943 63.91466 -22.22148  7.208  1.66  1.23
 247 20210224 074954.707 63.91845 -22.22276  6.525  2.12  1.72
 248 20210224 075103.786 63.92286 -22.21904  5.796  1.53  1.42
 249 20210224 075227.686 63.91524 -22.22891  7.431  1.89  1.74
 250 20210224 075349.725 63.89841 -22.23724  6.705  1.37  1.14
 251 20210224 075421.949 63.91938 -22.22279  6.653  2.31  1.80
 252 20210224 075525.481 63.89244 -22.23468  7.458  1.63  1.17
 253 20210224 075642.767 63.92208 -22.22310  6.804  2.26  1.89
 254 20210224 075830.409 63.91716 -22.22488  7.444  1.88  1.49
 255 20210224 075914.776 63.91954 -22.21740  5.760  1.62  1.58
 256 20210224 075937.602 63.91588 -22.22427  7.724  1.59  1.21
 257 20210224 080011.896 63.90533 -22.23327  6.570  1.76  1.43
 258 20210224 080121.526 63.90987 -22.23042  6.757  1.49  1.40
 259 20210224 080209.110 63.91811 -22.21809  5.301  1.42  1.29
 260 20210224 080312.323 63.91430 -22.21425  7.047  1.45  1.03
 261 20210224 080327.330 63.90609 -22.22882  7.284  1.62  1.24
 262 20210224 080357.620 63.92267 -22.25096  6.273  1.85  1.46
 263 20210224 080423.133 63.91754 -22.22496  6.792  1.32  0.41
 264 20210224 080532.625 63.92173 -22.21760  7.211  1.51  0.93
 265 20210224 080556.200 63.91341 -22.22358  7.230  1.44  1.03
 266 20210224 080620.243 63.91022 -22.22751  7.135  1.78  1.39
 267 20210224 080643.129 63.91368 -22.22709  7.341  1.78  1.54
 268 20210224 082316.440 63.91872 -22.24056  7.380  1.50  1.17
 269 20210224 083629.641 63.92404 -22.23726  7.289  1.21  0.70
 270 20210224 084103.355 63.90486 -22.22756  7.729  1.32  1.12
 271 20210224 084801.279 63.90275 -22.22578  5.846  1.64  1.02
 272 20210224 084921.677 63.91504 -22.22694  7.730  1.31  1.00
 273 20210224 085132.949 63.92165 -22.22409  7.386  1.49  1.00
 274 20210224 085216.763 63.91385 -22.21565  6.863  1.67  1.26
 275 20210224 085246.866 63.91795 -22.22585  7.569  1.60  1.18
 276 20210224 085359.659 63.91599 -22.22360  7.663  1.90  1.25
 277 20210224 085436.154 63.91470 -22.22251  7.454  0.85 -0.03
 278 20210224 090010.163 63.89240 -22.19968  5.505  1.29  1.01
 279 20210224 090040.422 63.91782 -22.20229  7.697  1.06  0.63
 280 20210224 090404.099 63.90681 -22.22051  6.679  2.00  1.26
 281 20210224 090759.006 63.91471 -22.22458  7.167  1.42  1.19
 282 20210224 091243.690 63.91035 -22.22263  7.459  1.15  0.46
 283 20210224 091350.049 63.91619 -22.22344  7.347  1.44  0.71
 284 20210224 091441.514 63.91831 -22.21970  6.395  1.51  1.20
 285 20210224 091605.037 63.92177 -22.21641  7.160  2.51  1.87
 286 20210224 092000.425 63.91759 -22.21758  7.424  2.15  1.59
 287 20210224 092052.723 63.90451 -22.21736  5.813  2.28  1.62
 288 20210224 092330.402 63.91980 -22.21579  6.796  1.69  1.23
 289 20210224 092414.032 63.92141 -22.21573  6.792  1.63  1.26
 290 20210224 092840.927 63.90320 -22.22488  5.870  2.20  1.50
 291 20210224 100001.515 63.91326 -22.22844  6.076  2.40  1.61
 292 20210224 100345.853 63.91902 -22.21751  7.521  1.49  1.26
 293 20210224 100540.696 63.90988 -22.22568  7.104  4.34  4.66
 294 20210224 100557.024 63.91658 -22.20764  1.098  5.72  5.13
 295 20210224 100727.728 63.88951 -22.28189  4.979  3.72  3.60
 296 20210224 100823.332 63.85174 -22.41497  4.149  3.63  3.24
 297 20210224 100845.739 63.88102 -22.36912  4.317  3.11  3.04
 298 20210224 100854.947 63.88535 -22.24330  8.409  3.64  3.13
 299 20210224 100911.369 63.90195 -22.27831  4.692  3.65  3.57
 300 20210224 101058.731 63.85268 -22.41488  4.605  3.45  3.13
 301 20210224 101154.544 63.88961 -22.29594  3.018  2.59  2.20
 302 20210224 101226.719 63.89592 -22.25041  4.088  3.02  2.90
 303 20210224 101319.646 63.89436 -22.28867  2.345  3.37  3.14
 304 20210224 101444.954 63.85065 -22.41176  5.175  2.97  2.21
 305 20210224 101501.980 63.90663 -22.28525  5.805  4.34  3.37
 306 20210224 101606.424 63.90740 -22.20721  1.235  4.21  3.63
 307 20210224 101633.592 63.90154 -22.24794  2.506  3.15  2.68
 308 20210224 101729.158 63.88637 -22.33243  5.100  3.13  2.65
 309 20210224 101753.076 63.89646 -22.32224  4.862  4.56  4.53
 310 20210224 102007.313 63.88284 -22.29380  0.978  2.82  3.10
 311 20210224 102030.367 63.87418 -22.37156  3.149  3.43  3.49
 312 20210224 102056.844 63.89417 -22.34525  5.876  3.67  3.27
 313 20210224 102153.651 63.89353 -22.37764  4.878  3.08  2.69
 314 20210224 102342.047 63.88298 -22.35998  4.834  3.06  2.45
 315 20210224 102442.966 63.85165 -22.38314  4.145  2.90  2.48
 316 20210224 102549.720 66.21571 -18.26237  8.908  1.61  1.56
 317 20210224 102613.145 63.90054 -22.25980  3.873  2.80  2.34
 318 20210224 102630.740 63.88544 -22.39335  5.645  3.26  2.92
 319 20210224 102657.121 63.88985 -22.38599  4.282  3.04  2.69
 320 20210224 102759.639 63.91842 -22.05429  3.827  4.70  4.30
 321 20210224 102818.917 63.92962 -22.01389  0.466  4.62  3.87
 322 20210224 102844.262 63.87420 -22.29400  8.498  3.57  3.42
 323 20210224 102931.917 63.91009 -22.10006  3.508  3.36  3.06
 324 20210224 102956.827 63.91725 -22.04705  2.444  3.50  3.34
 325 20210224 103027.051 63.90311 -22.23907  0.135  2.64  2.39
 326 20210224 103046.197 63.91481 -22.09958  2.949  4.97  4.24
 327 20210224 103242.374 63.87243 -22.39828  4.658  3.46  3.04
 328 20210224 103518.921 63.86569 -22.41529  1.711  2.33  1.73
 329 20210224 103536.798 63.92391 -22.09488  4.563  2.32  2.01
 330 20210224 103624.164 63.90796 -22.04543  2.986  2.14  1.84
 331 20210224 103714.711 63.89866 -22.29325  5.522  2.69  2.07
 332 20210224 103807.418 63.87549 -22.36532  1.321  2.00  1.53
 333 20210224 103823.543 63.92109 -22.09878  7.245  2.26  1.93
 334 20210224 103849.390 63.89425 -22.26737  5.316  3.09  2.82
 335 20210224 104040.684 63.85999 -22.40328  3.125  2.02  1.31
 336 20210224 104052.883 63.87981 -22.34717  3.409  2.34  2.01
 337 20210224 104205.274 63.87666 -22.39260  4.520  2.26  1.47
 338 20210224 104215.372 63.86686 -22.43880  2.572  2.98  1.99
 339 20210224 104236.290 63.92495 -21.98857  3.018  3.97  4.21
 340 20210224 104336.247 63.85521 -22.45878  1.797  2.91  2.25
 341 20210224 104445.314 63.92633 -22.00296  3.269  3.60  3.46
 342 20210224 104521.233 63.88219 -22.29362  0.406  2.42  2.34
 343 20210224 104702.712 63.92087 -22.03729  2.628  3.01  2.77
 344 20210224 104733.921 63.91516 -21.98798  0.325  2.32  2.45
 345 20210224 104814.142 63.86924 -22.31391  2.839  2.48  2.01
 346 20210224 104859.684 63.88473 -22.37388  0.135  4.33  4.21
 347 20210224 104943.315 63.88329 -22.34487  2.066  3.42  3.34
 348 20210224 105049.830 63.87787 -22.40894  2.244  1.97  2.34
 349 20210224 105052.898 63.88039 -22.39720  4.207  2.90  2.33
 350 20210224 105143.097 63.88947 -22.39790  0.135  2.61  2.18
 351 20210224 105234.596 63.86578 -22.39271  5.348  4.13  3.93
 352 20210224 105313.845 63.86106 -22.39692  3.680  2.98  2.54
 353 20210224 105401.388 63.89555 -22.28267  3.268  2.98  2.95
 354 20210224 105420.469 63.89297 -22.37441  4.772  2.83  2.57
 355 20210224 105535.550 63.92702 -21.99257  1.711  2.64  2.79
 356 20210224 105538.073 63.89269 -22.28692  2.661  3.00  2.70
 357 20210224 105602.669 63.93087 -21.99593  1.584  2.80  2.62
 358 20210224 105639.225 63.92166 -21.99601  3.095  2.46  2.42
 359 20210224 105649.228 63.89716 -22.20050  5.101  2.66  2.14
 360 20210224 105712.215 63.90636 -22.06196  4.107  2.57  2.24
 361 20210224 105750.268 63.88178 -22.40251  0.135  1.81  1.29
 362 20210224 105754.853 63.88503 -21.98410  0.718  2.41  2.25
 363 20210224 105813.963 63.89038 -22.27194  4.257  3.43  3.36
 364 20210224 105932.659 63.89465 -22.26558  2.883  2.73  2.47
 365 20210224 110004.339 63.91730 -22.04531  2.344  3.03  2.91
 366 20210224 110116.524 63.89246 -22.22897  8.249  2.27  2.46
 367 20210224 110129.460 63.89140 -22.31048  5.382  2.19  1.85
 368 20210224 110206.050 63.92950 -22.00860  3.496  2.73  2.54
 369 20210224 110237.708 63.88478 -22.35994  3.505  2.87  2.30
 370 20210224 110328.243 63.85130 -22.39054  4.720  3.27  3.16
 371 20210224 110420.374 63.88255 -22.35816  5.568  2.37  2.13
 372 20210224 110502.501 63.88109 -22.35781  0.135  2.31  1.71
 373 20210224 110624.066 63.89732 -22.25702  3.281  2.72  1.88
 374 20210224 110817.576 63.90181 -22.22877  0.135  1.90  1.71
 375 20210224 110855.216 63.92801 -22.01141  1.535  2.13  1.88
 376 20210224 110931.478 63.65155 -19.08546  0.135  2.55  2.27
 377 20210224 111103.125 63.88645 -22.34811  5.472  1.41  1.00
 378 20210224 111107.926 63.92204 -22.02308  4.769  2.10  1.55
 379 20210224 111140.719 63.86724 -22.45431  3.646  2.65  1.85
 380 20210224 111211.254 63.92035 -22.04108  7.646  3.38  3.27
 381 20210224 111344.057 63.89494 -22.28078  3.405  2.91  2.60
 382 20210224 111447.676 63.92204 -22.02313  3.206  2.17  1.97
 383 20210224 111503.339 63.89938 -22.32622  4.316  2.83  2.61
 384 20210224 111543.109 63.92078 -22.03354  6.510  2.55  2.05
 385 20210224 111636.617 63.90508 -22.04612  2.442  2.58  2.11
 386 20210224 111650.410 63.88221 -22.32704  1.880  2.16  1.80
 387 20210224 111707.564 63.89099 -22.06807  4.061  2.28  2.12
 388 20210224 111755.070 63.88888 -22.30107  0.626  2.93  2.97
 389 20210224 111849.723 63.87706 -22.38825  5.220  2.59  1.87
 390 20210224 111934.436 63.88565 -22.33809  0.135  1.98  1.41
 391 20210224 111941.395 63.91766 -22.07091  1.338  2.09  1.74
 392 20210224 112023.467 63.91486 -22.03956  2.059  3.65  3.54
 393 20210224 112139.228 63.88248 -22.33207  3.200  3.30  3.04
 394 20210224 112309.703 63.90846 -21.99913 10.850  1.34  1.21
 395 20210224 112346.972 63.92047 -22.01767  1.788  1.68  1.50
 396 20210224 112350.094 63.86235 -22.50294  4.389  2.29  1.03
 397 20210224 112455.096 63.86213 -22.46316  4.091  3.24  2.78
 398 20210224 112642.804 63.90808 -22.03785 12.258  2.71  2.68
 399 20210224 112752.680 63.84587 -22.41848  4.681  2.25  1.82
 400 20210224 112826.698 63.92274 -22.02663  0.943  1.92  1.72
 401 20210224 112827.366 63.88192 -22.33453  4.021  1.67  1.24
 402 20210224 112912.321 63.92757 -21.99933  9.050  1.85  1.58
 403 20210224 112916.147 63.87174 -22.40598  0.653  1.17  0.76
 404 20210224 112951.654 63.86819 -22.45246  2.988  2.38  1.52
 405 20210224 113011.726 63.89227 -22.12346  6.098  2.26  1.67
 406 20210224 113045.225 63.86285 -22.51554  2.335  1.78  1.55
 407 20210224 113046.462 63.86306 -22.51431  2.155  2.51  1.55
 408 20210224 113100.456 63.89235 -22.39563  2.803  2.31  1.78
 409 20210224 113140.388 63.87624 -22.40896  4.944  2.39  1.31
 410 20210224 113244.019 63.91570 -22.04751  2.266  2.25  2.07
 411 20210224 113343.137 63.93031 -21.97324  9.139  2.50  2.22
 412 20210224 113416.407 63.89178 -22.11531  4.570  2.36  1.69
 413 20210224 113453.172 63.93080 -21.97296  8.986  2.45  2.02
 414 20210224 113536.061 63.91555 -22.03848  0.803  1.92  1.76
 415 20210224 113558.853 63.92136 -21.98413 11.968  1.57  1.92
 416 20210224 113607.087 63.87519 -22.39139  5.113  2.26  1.54
 417 20210224 113642.236 63.91465 -22.03796  1.099  2.52  2.45
 418 20210224 113838.840 63.90977 -22.03244  1.311  3.43  3.66
 419 20210224 114042.723 63.90516 -22.05607  1.992  1.71  1.82
 420 20210224 114145.002 63.89207 -22.39992  1.930  1.96  1.60
 421 20210224 114223.297 63.89973 -22.19137  2.021  2.38  2.25
 422 20210224 114248.449 63.91766 -22.07008  3.070  2.48  1.98
 423 20210224 114303.257 63.91048 -22.05812  2.896  2.12  2.16
 424 20210224 114404.654 63.91632 -22.08852  5.545  2.24  1.98
 425 20210224 114432.020 63.90718 -22.05763  2.435  2.07  1.75
 426 20210224 114454.775 63.91662 -22.02443  1.315  2.38  2.16
 427 20210224 114514.193 63.88919 -22.28693  6.876  2.46  1.83
 428 20210224 114658.127 63.88702 -22.10282  6.158  2.01  1.63
 429 20210224 114712.958 63.90326 -22.50958  7.086  1.17 -0.11
 430 20210224 114804.334 63.89362 -22.34163  5.768  3.20  2.73
 431 20210224 114857.986 63.87798 -22.42175  4.519  1.93  0.97
 432 20210224 114915.204 63.87354 -22.40760  4.273  3.35  3.35
 433 20210224 115033.086 63.90069 -22.04469  3.897  2.76  2.50
 434 20210224 115120.079 63.87660 -22.33078  2.552  1.56  1.72
 435 20210224 115123.387 63.89842 -22.25088  6.274  2.35  1.77
 436 20210224 115157.294 63.88536 -22.34257  6.334  2.40  1.58
 437 20210224 115352.952 63.89560 -22.33990  3.676  1.67  1.39
 438 20210224 115524.068 63.88714 -22.64960  0.135  1.30  0.86
 439 20210224 115850.665 63.88928 -22.39941 11.721  2.29  1.66
 440 20210224 121656.193 63.87338 -22.36625  0.135  2.20  2.28
 441 20210224 123458.750 63.91442 -22.06443  2.204  2.32  2.11
 442 20210224 123730.329 63.91891 -21.97304  2.376  4.75  4.62
 443 20210224 123903.470 63.91790 -22.00090  2.466  3.00  2.86
 444 20210224 125009.337 63.93236 -21.94822  4.189  3.22  3.02
 445 20210224 125241.584 63.86028 -22.40118  5.508  3.31  2.86
 446 20210224 131959.946 63.86737 -22.48802  4.320  2.46  1.98
 447 20210224 133208.114 63.92055 -22.01823  1.904  2.72  2.45
 448 20210224 135005.911 63.87946 -22.36748  4.269  3.71  3.43
 449 20210224 135621.955 63.85553 -22.41119  0.890  1.26  0.42
 450 20210224 135738.583 63.87028 -22.47793  2.773  2.28  1.50
 451 20210224 135749.402 63.92667 -21.95092  6.584  2.06  1.73
 452 20210224 135827.787 63.87818 -22.35677  2.479  3.32  3.10
 453 20210224 140015.787 63.87837 -22.41404  2.024  1.48  1.13
 454 20210224 140834.962 63.87634 -22.40782  5.021  2.89  2.24
 455 20210224 141229.018 63.86806 -22.48066  3.372  2.61  1.99
 456 20210224 141606.635 63.91354 -22.05684  3.368  3.12  2.65
 457 20210224 144420.381 63.89586 -22.30824  6.083  1.53  1.03
 458 20210224 144600.067 63.89886 -22.08908  4.339  2.16  1.65
 459 20210224 145542.056 63.86477 -22.51492  4.524  2.34  1.21
 460 20210224 145953.277 63.85660 -22.46735  4.510  1.72  0.90
 461 20210224 150328.772 63.86723 -22.44499  1.179  1.47  0.70
 462 20210224 153406.437 63.87298 -22.42186  2.367  2.14  1.41
 463 20210224 153700.390 63.87711 -22.32859  3.298  2.26  1.89
 464 20210224 153728.155 63.91720 -22.03925  3.159  2.22  2.10
 465 20210224 154549.920 63.86845 -22.41907  5.227  2.65  1.72
 466 20210224 161504.333 63.86955 -22.46094  3.389  2.59  1.88
 467 20210224 163020.436 63.90205 -22.28562  6.098  3.57  3.39
 468 20210224 164910.727 63.84608 -22.57534  5.603  2.70  2.28
 469 20210224 183243.636 63.93156 -22.05556  0.800  1.75  1.48
 470 20210224 183630.549 63.92981 -22.06213  1.861  1.63  1.34
 471 20210224 183714.945 63.86888 -22.31622  1.799  1.58  1.24
 472 20210224 184218.407 63.89626 -22.35683  6.318  1.94  1.55
 473 20210224 184252.958 63.87194 -22.36351  5.258  1.98  1.48
 474 20210224 184403.358 63.86593 -22.48015  1.071  1.53  1.03
 475 20210224 184420.799 63.89838 -22.28448  0.985  2.64  2.37
 476 20210224 184535.706 63.87281 -22.38766  0.135  1.32  1.01
 477 20210224 184606.480 63.86604 -22.38958  3.782  1.60  0.53
 478 20210224 184719.750 63.92189 -22.22281  6.254  2.00  1.52
 479 20210224 185614.554 63.89546 -22.32922  4.320  1.24  1.27
 480 20210224 185629.485 63.93019 -22.00451  2.019  1.47  1.33
 481 20210224 185657.250 63.89334 -22.36786  5.693  1.75  1.21
 482 20210224 185940.244 63.92033 -21.86991  5.087  2.05  1.92
 483 20210224 190217.846 63.90243 -22.04216  0.135  1.52  1.30
 484 20210224 190318.787 63.93041 -21.96303  4.057  2.24  1.78
 485 20210224 190733.452 63.92551 -22.02094  3.109  2.36  2.55
 486 20210224 191015.978 63.90282 -22.11163  4.063  1.84  1.28
 487 20210224 191152.074 63.93178 -22.19142  6.893  1.85  1.28
 488 20210224 191210.189 63.90942 -22.06505  3.093  1.61  1.47
 489 20210224 191251.095 63.89999 -22.28585  6.755  1.70  1.17
 490 20210224 191400.223 63.93018 -21.94024  2.859  1.81  2.11
 491 20210224 191508.252 63.92611 -22.19241  7.135  1.41  1.05
 492 20210224 191645.194 63.93510 -22.18701  5.264  1.75  1.36
 493 20210224 192034.399 63.92841 -22.19316  6.382  1.61  1.21
 494 20210224 192051.891 63.91339 -22.04731  3.126  2.22  1.78
 495 20210224 192137.062 63.89306 -22.40509  0.135  1.79  1.30
 496 20210224 192633.833 63.89529 -22.27029  6.700  1.83  1.36
 497 20210224 193018.076 63.92883 -22.18811  6.335  1.55  0.99
 498 20210224 193052.498 63.87253 -22.41872  4.023  1.99  1.26
 499 20210224 193322.620 63.93021 -22.19065  6.813  1.90  1.50
 500 20210224 193418.424 63.93169 -22.18561  7.053  1.97  1.54
 501 20210224 193648.475 63.92993 -22.19061  6.962  1.81  1.09
 502 20210224 193727.518 63.92919 -22.19055  6.467  1.51  1.09
 503 20210224 193948.656 63.92836 -22.19172  6.979  1.57  1.24
 504 20210224 194154.132 63.86030 -22.38746  4.342  1.41  0.67
 505 20210224 194445.682 63.91618 -22.04664  2.627  2.16  1.93
 506 20210224 194519.667 63.92815 -22.18913  6.802  1.48  0.91
 507 20210224 194707.046 63.92335 -22.19890  6.880  1.61  1.00
 508 20210224 194733.902 63.88438 -22.24606 12.167  2.09  1.35
 509 20210224 194814.810 63.92945 -22.19855  7.233  2.20  1.69
 510 20210224 194834.790 63.92916 -22.18895  6.625  1.72  1.57
 511 20210224 194928.480 63.88244 -22.32015  3.016  2.68  2.41
 512 20210224 195046.100 63.93500 -22.18612  7.177  1.83  1.31
 513 20210224 195207.127 63.88369 -22.33008  1.513  1.06  0.71
 514 20210224 195256.922 63.88242 -22.32706  1.898  0.86  0.70
 515 20210224 195315.280 63.93126 -22.19321  6.983  1.80  1.44
 516 20210224 195456.996 63.93633 -22.18842  6.380  2.11  1.63
 517 20210224 204812.859 63.88060 -22.32909  2.695  3.39  3.48
 518 20210224 211224.291 63.88234 -22.34608  3.302  2.33  1.75
 519 20210224 211405.554 63.93466 -22.18697  6.838  2.30  1.82
 520 20210224 211513.244 63.92826 -22.18678  7.213  1.21  1.08
 521 20210224 211627.308 63.91236 -22.20971  6.212  1.95  1.45
 522 20210224 212028.558 63.89405 -22.10764  3.713  1.56  0.94
 523 20210224 212226.635 63.93718 -22.18728  6.232  1.32  1.15
 524 20210224 212347.168 63.92645 -22.19986  7.454  1.64  1.40
 525 20210224 212508.382 63.91521 -22.03825  1.735  1.84  1.73
 526 20210224 212534.726 63.93377 -21.97027  3.923  2.15  1.67
 527 20210224 212919.656 63.91694 -22.03916  1.279  1.73  1.45
 528 20210224 213032.113 63.92612 -22.18695  7.469  1.17  0.93
 529 20210224 213053.637 63.89297 -22.30136  5.447  1.34  1.47
 530 20210224 213153.945 63.82032 -22.81810  5.606  2.29  2.57
 531 20210224 213305.092 63.81692 -22.81391  5.456  2.24  2.57
 532 20210224 213401.276 63.81585 -22.80800  5.749  2.20  2.36
 533 20210224 213432.463 63.83188 -22.59803  4.935  1.84  1.22
 534 20210224 213522.252 63.89771 -22.14158  0.135  1.24  1.21
 535 20210224 213541.905 63.93757 -22.19754  6.437  2.02  1.72
 536 20210224 213657.519 63.89213 -22.33709  5.903  2.28  1.82
 537 20210224 214027.789 63.92992 -22.19353  6.771  1.75  1.30
 538 20210224 214151.581 63.83044 -22.82105  4.259  1.89  1.83
 539 20210224 214229.765 63.81926 -22.66586  0.135  1.55  1.38
 540 20210224 214548.889 63.87103 -22.39749  5.207  1.86  1.19
 541 20210224 215446.035 63.95050 -21.97322  3.575  1.66  1.53
 542 20210224 215711.441 63.93250 -22.19788  0.431  1.10  0.93
 543 20210224 215754.090 63.93731 -22.18436  6.736  3.39  2.97
 544 20210224 220048.276 63.89443 -22.28969  3.420  2.40  1.92
 545 20210224 220306.778 63.89202 -22.28426  3.116  0.87  0.30
 546 20210224 220354.821 63.89188 -22.28526  0.673  0.97  0.50
 547 20210224 220605.409 63.89437 -22.19551  3.092  1.40  0.86
 548 20210224 232823.877 63.89013 -22.39200  1.136  0.43 -0.37
 549 20210225 000047.116 63.88175 -22.26945  0.135  2.26  0.50
 550 20210225 000237.331 63.92476 -22.22580  6.886  2.03  1.44
 551 20210225 000603.064 63.92861 -22.18240  7.704  1.70  1.28
 552 20210225 000637.917 63.93032 -22.19020  6.610  1.84  1.44
 553 20210225 000742.291 63.93090 -22.19237  6.781  2.45  2.04
 554 20210225 000814.030 63.92562 -21.96381  4.363  2.86  2.32
 555 20210225 001103.551 63.91355 -22.22100  6.086  1.84  1.48
 556 20210225 001549.273 63.91918 -22.22364  7.909  1.28  0.91
 557 20210225 001707.442 63.84930 -22.38488  5.267  2.23  1.49
 558 20210225 001832.822 63.85242 -22.39119  3.377  1.33  0.44
 559 20210225 002045.595 63.89576 -22.27058  6.602  1.86  1.02
 560 20210225 002155.900 63.93406 -22.18455  7.888  1.36  0.71
 561 20210225 002814.961 63.88815 -22.26166  5.711  2.35  1.63
 562 20210225 002847.459 63.91597 -22.05676  1.123  2.94  2.80
 563 20210225 003154.678 63.92062 -22.20101  6.202  2.32  1.94
 564 20210225 003419.666 63.87526 -22.48001  0.135  1.17  1.09
 565 20210225 003422.096 63.91750 -22.23065  5.568  1.79  2.02
 566 20210225 003435.057 63.92566 -21.89250  2.140  1.96  1.96
 567 20210225 003503.685 63.87296 -22.41453  2.328  1.79  1.28
 568 20210225 003554.066 63.93152 -22.06378  1.379  1.92  1.57
 569 20210225 003913.910 63.92524 -22.21641  6.939  1.77  1.33
 570 20210225 004406.170 63.91996 -22.21760  5.043  1.68  1.15
 571 20210225 004626.739 63.93599 -22.22304  5.594  1.59  1.08
 572 20210225 004727.747 63.92196 -22.20240  4.898  2.00  1.63
 573 20210225 005143.833 63.92048 -22.20304  6.150  2.42  1.84
 574 20210225 005316.153 63.87271 -22.31101  3.257  3.15  2.97
 575 20210225 005521.466 63.88566 -22.18035  6.667  1.33  1.17
 576 20210225 005922.035 63.64285 -19.15508  0.135  0.72  0.15
 577 20210225 010018.251 63.86980 -22.30640  3.086  2.17  1.69
 578 20210225 010512.482 63.92356 -22.22665  6.656  2.36  1.78
 579 20210225 010606.064 63.91838 -22.22078  7.117  1.75  1.29
 580 20210225 012053.345 63.90253 -22.22802  6.702  1.41  1.00
 581 20210225 012232.986 63.88326 -22.44764  3.404  0.67 -0.75
 582 20210225 012250.587 63.92301 -22.19978  5.554  1.81  1.17
 583 20210225 012315.833 63.87325 -22.41795  2.361  1.32  0.72
 584 20210225 012532.984 63.90041 -22.24864  5.930  1.59  0.97
 585 20210225 012615.412 63.92681 -22.04665  3.592  1.40  1.23
 586 20210225 013028.342 63.93167 -22.21237  6.215  2.05  1.46
 587 20210225 013507.596 63.90113 -22.22824  6.635  1.76  1.21
 588 20210225 013959.508 63.87793 -22.44225  3.361  1.72  0.71
 589 20210225 014129.656 63.90416 -22.24232  5.127  1.60  1.14
 590 20210225 014802.698 63.95568 -21.97974  3.463  1.22  0.90
 591 20210225 015638.767 63.86646 -22.36395  0.135  1.78  1.50
 592 20210225 015920.704 63.91954 -22.21548  7.815  1.25  1.28
 593 20210225 020459.352 63.89015 -22.33128  4.849  1.47  1.11
 594 20210225 020721.041 63.81576 -22.37104 10.473  1.63  1.30
 595 20210225 021342.079 63.91833 -22.22527  7.462  1.38  1.03
 596 20210225 021502.427 63.96088 -21.83823  0.135  1.46  1.40
 597 20210225 022005.774 63.92065 -22.05785  3.639  1.65  1.51
 598 20210225 022026.907 63.87603 -22.32230  0.135  1.69  0.98
 599 20210225 022447.143 63.92097 -22.05065  2.562  1.29  1.27
 600 20210225 022627.661 63.90994 -22.05267  3.593  1.97  1.73
 601 20210225 022737.719 63.89301 -22.27136  6.684  1.28  1.04
 602 20210225 023625.015 66.22603 -18.55297  5.782  1.24  1.34
 603 20210225 024020.311 63.93165 -22.02739  0.606  1.29  1.30
 604 20210225 024225.993 63.87920 -22.40877  2.232  0.52 -0.02
 605 20210225 024409.841 63.89467 -22.28276  0.144  0.72  0.50
 606 20210225 024622.421 63.91347 -22.05256  3.468  2.40  2.32
 607 20210225 025009.668 63.92121 -22.22889  6.130  1.90  1.23
 608 20210225 025508.366 63.91069 -22.04219  2.253  1.38  1.22
 609 20210225 025935.314 63.93027 -22.18326  7.136  1.52  1.20
 610 20210225 030011.581 63.92136 -22.05975  1.782  1.83  1.48
 611 20210225 030205.125 63.92247 -22.01686  1.416  1.88  1.50
 612 20210225 030728.061 63.90165 -22.24930  5.202  2.31  1.64
 613 20210225 031006.938 63.91596 -22.05750  2.591  1.30  0.99
 614 20210225 031246.589 63.93423 -22.19030  1.424  0.59  0.67
 615 20210225 031443.905 63.89750 -22.25314  4.716  1.49  1.12
 616 20210225 031518.027 63.92889 -22.19080  7.124  1.79  1.34
 617 20210225 031839.212 63.93031 -22.19334  6.108  1.64  1.24
 618 20210225 032009.502 63.88804 -22.37682  6.898  1.25  0.60
 619 20210225 032613.492 63.90706 -22.06886  4.333  3.46  3.10
 620 20210225 032815.104 63.89650 -22.33089  3.487  1.84  1.39
 621 20210225 032947.314 63.92831 -22.18925  5.494  1.81  1.37
 622 20210225 033705.463 63.91282 -22.07007  3.517  1.96  1.57
 623 20210225 033759.568 63.92941 -22.19392  6.289  1.93  1.59
 624 20210225 035035.251 63.89671 -22.23720  5.407  1.90  1.39
 625 20210225 035247.647 63.92614 -22.20293  7.435  1.68  1.43
 626 20210225 035535.075 63.91999 -22.05899  2.847  2.10  1.81
 627 20210225 040217.626 63.93177 -22.19089  6.839  2.17  1.80
 628 20210225 040243.383 66.21529 -17.64459  5.207  0.61  0.64
 629 20210225 040800.752 63.91492 -22.22514  8.299  1.35  0.88
 630 20210225 042454.546 63.92095 -22.20659  6.211  2.37  2.04
 631 20210225 042531.775 63.88715 -22.16907  6.707  2.41  2.19
 632 20210225 043651.605 63.86687 -22.31448  2.587  2.74  2.38
 633 20210225 044126.155 63.90472 -22.23074  6.558  1.96  1.38
 634 20210225 044230.071 63.93287 -22.02994  7.558  1.46  1.34
 635 20210225 044241.336 63.86883 -22.37248  3.702  1.79  1.44
 636 20210225 044357.350 63.92516 -22.22208  6.263  2.24  1.85
 637 20210225 045655.350 66.22868 -18.56757  7.592  0.82  0.92
 638 20210225 050034.993 63.92812 -22.21357  5.597  1.96  1.77
 639 20210225 051028.138 63.90811 -22.22416  5.644  2.17  1.71
 640 20210225 051349.091 64.04696 -21.18338  3.340  0.67  0.22
 641 20210225 052015.528 63.90350 -22.23619  6.457  1.70  1.17
 642 20210225 052444.851 63.93216 -22.21824  6.298  2.00  1.45
 643 20210225 052951.743 63.87264 -22.40860  5.488  2.73  1.89
 644 20210225 053123.918 63.90461 -22.26932  6.217  1.31  1.21
 645 20210225 053656.625 63.93032 -21.90332  4.186  2.40  2.20
 646 20210225 061507.144 65.04807 -16.50888  8.444  0.73  0.84
 647 20210225 072931.608 63.89694 -22.28254  6.336  2.10  1.88
 648 20210225 073121.894 63.90450 -22.23473  5.903  2.02  1.49
 649 20210225 073634.744 63.87935 -22.44054  3.315  1.00  0.20
 650 20210225 074545.921 63.92203 -22.21928  7.437  1.69  1.27
 651 20210225 074855.819 63.88614 -22.22771  5.879  1.60  0.62
 652 20210225 075246.450 63.91009 -22.18677  0.135  1.59  0.75
 653 20210225 075430.796 63.90129 -22.29242  5.992  2.12  1.46
 654 20210225 075552.312 63.92199 -22.19822  7.785  1.15  0.76
 655 20210225 075755.233 63.91548 -22.05750  3.121  1.74  1.27
 656 20210225 080810.955 63.84629 -22.38794  4.947  1.47  0.58
 657 20210225 081243.876 63.89492 -22.28598  6.287  1.71  1.16
 658 20210225 081403.838 63.92600 -22.22017  5.972  1.77  1.38
 659 20210225 082030.678 63.91021 -22.22553  6.307  1.76  1.59
 660 20210225 082933.540 63.91606 -22.22015  7.348  1.31  0.36
 661 20210225 083200.034 63.86836 -22.39858  1.665  0.87  0.36
 662 20210225 083355.131 63.87854 -22.49057  2.502  0.43 -0.71
 663 20210225 083412.216 63.95022 -21.97331  3.925  1.67  1.34
 664 20210225 083514.557 63.90008 -22.24533  6.517  1.59  1.09
 665 20210225 083631.447 63.90439 -22.23847  6.530  1.79  1.19
 666 20210225 083717.043 63.88139 -22.23979  6.018  1.81  1.18
 667 20210225 084503.145 63.90623 -22.25958  6.528  2.06  1.20
 668 20210225 084614.027 63.90975 -22.06455  3.589  0.98  0.90
 669 20210225 084753.069 63.91520 -22.20179  3.276  1.69  1.06
 670 20210225 084938.583 63.91033 -22.20899  6.364  1.80  1.50
 671 20210225 085331.512 63.86857 -22.30774  2.582  1.25  0.83
 672 20210225 085359.245 63.90840 -22.20841  5.414  1.60  1.16
 673 20210225 085411.445 63.86610 -22.40078  2.330  1.43  0.80
 674 20210225 085944.349 66.63708 -17.91854 11.517  1.36  1.50
 675 20210225 090045.368 63.90246 -22.29178  5.834  1.78  1.23
 676 20210225 090515.683 63.90186 -22.29077  6.218  1.97  1.35
 677 20210225 090853.235 63.91132 -22.21085  6.707  2.91  2.67
 678 20210225 091244.308 63.89926 -22.06732  3.876  1.56  1.14
 679 20210225 091531.071 63.91726 -22.09624  2.539  1.51  0.82
 680 20210225 092057.929 63.95144 -21.98200  3.791  2.31  1.99
 681 20210225 092626.552 63.92510 -22.21978  5.878  1.71  1.16
 682 20210225 092720.382 63.89634 -22.27606  7.036  2.15  1.49
 683 20210225 093003.977 63.90437 -22.28171 10.833  1.82  0.96
 684 20210225 093507.755 63.93765 -22.19730  5.240  2.00  1.59
 685 20210225 093645.044 63.80584 -22.68538  4.039  1.18  0.26
 686 20210225 094620.154 63.88905 -22.22353  5.799  1.22  0.71
 687 20210225 095226.535 63.89826 -22.29559  5.274  1.16  0.64
 688 20210225 095805.917 63.86994 -22.39611  1.138  0.20 -0.26
 689 20210225 095820.329 63.86949 -22.39356  2.832  1.42  0.80
 690 20210225 095823.360 63.94027 -22.18011  5.678  1.91  1.38
 691 20210225 100113.638 63.86432 -22.48909  3.634  2.36  1.68
 692 20210225 100439.195 63.92396 -22.22181  6.711  1.80  1.24
 693 20210225 100733.548 66.64858 -17.90710 11.338  1.03  1.26
 694 20210225 100936.795 63.92848 -22.18981  7.061  1.69  1.31
 695 20210225 101613.453 63.92387 -22.20269  7.494  1.88  1.30
 696 20210225 101707.391 63.92707 -22.20227  7.525  1.64  1.21
 697 20210225 101840.880 63.91872 -22.20611  7.416  1.26  1.17
 698 20210225 101922.998 63.92264 -22.20654  6.807  1.71  1.39
 699 20210225 104214.171 63.92542 -22.19831  7.697  1.44  0.94
 700 20210225 104426.163 63.93090 -22.19357  6.909  1.76  1.30
 701 20210225 105145.419 63.93505 -22.18595  6.906  1.66  1.16
 702 20210225 105433.141 63.92968 -22.19421  7.078  1.78  1.52
 703 20210225 105847.647 63.90129 -22.29406  6.388  1.84  1.33
 704 20210225 110136.177 63.90519 -22.22232  6.469  2.29  2.07
 705 20210225 110345.729 63.92896 -22.19336  6.956  1.65  1.23
 706 20210225 110715.083 63.93034 -22.18618  7.468  1.28  1.54
 707 20210225 110743.853 63.90060 -22.24262  6.748  1.84  1.37
 708 20210225 111537.190 63.92981 -22.19725  7.128  1.92  1.51
 709 20210225 111612.886 63.87789 -22.26858  4.924  1.48  0.86
 710 20210225 111903.627 63.92979 -22.18306  7.881  1.19  0.90
 711 20210225 112226.968 63.90442 -22.22226  6.035  1.76  1.60
 712 20210225 113153.635 63.94707 -21.99941  6.381  1.56  1.22
 713 20210225 114544.779 63.93330 -22.17359  8.094  1.10  0.84
 714 20210225 115427.198 63.94443 -22.20100  6.232  1.91  1.67
 715 20210225 120000.494 63.86626 -22.38816  5.543  2.04  1.20
 716 20210225 120203.394 63.84344 -22.54726  4.510  1.51  0.40
 717 20210225 121225.293 63.92625 -22.19802  7.681  1.40  1.35
 718 20210225 121624.902 63.92687 -22.19321  6.947  1.87  1.62
 719 20210225 123040.822 63.92986 -22.19503  5.377  1.68  1.38
 720 20210225 123411.962 63.89202 -22.29323  6.261  1.76  1.15
 721 20210225 123523.096 63.92216 -22.18070  8.046  1.12  0.97
 722 20210225 123849.492 63.91433 -22.20235  6.633  1.53  1.03
 723 20210225 124207.620 63.92910 -22.18565  7.879  1.14  1.17
 724 20210225 124721.678 63.92715 -22.19221  7.810  1.34  1.19
 725 20210225 125712.255 63.90304 -22.23787  5.922  2.17  1.73
 726 20210225 130357.955 63.93991 -22.19784  6.805  1.42  1.20
 727 20210225 130420.748 63.92860 -22.19745  7.153  1.92  1.52
 728 20210225 130455.066 66.65248 -17.89753 11.283  1.01  1.23
 729 20210225 130528.821 63.89790 -22.29346  4.732  1.66  0.86
 730 20210225 131155.816 63.91906 -22.20701  7.314  1.32  0.62
 731 20210225 131656.866 63.92751 -21.91817  3.258  2.52  2.70
 732 20210225 132341.387 63.92294 -22.21961  6.227  1.81  1.00
 733 20210225 132514.961 63.93022 -22.18795  7.699  1.65  1.31
 734 20210225 133312.448 63.92344 -22.19637  7.262  1.01  0.53
 735 20210225 133345.649 63.92246 -22.22467  5.880  1.96  1.39
 736 20210225 134850.997 63.91087 -22.07507  1.144  1.30  1.34
 737 20210225 135046.097 63.93096 -22.19607  6.936  1.56  1.24
 738 20210225 135830.899 63.92309 -22.21548  8.322  1.18  0.60
 739 20210225 140635.979 63.92594 -22.19302  7.040  1.58  1.17
 740 20210225 141128.294 63.92656 -22.19278  5.483  1.14  0.65
 741 20210225 142121.913 63.90502 -22.26373  0.135  3.16  2.79
 742 20210225 142341.089 63.92630 -22.19403  7.332  1.58  1.47
 743 20210225 142548.294 63.93032 -22.20961  6.343  1.37  0.96
 744 20210225 142852.050 63.92832 -22.18550  6.734  1.73  1.36
 745 20210225 143322.675 64.62028 -17.42198  8.131  0.76  0.20
 746 20210225 143539.976 63.93054 -22.19159  7.049  3.47  3.22
 747 20210225 152137.927 63.91146 -22.20756  6.640  1.58  1.37
 748 20210225 153351.423 66.22475 -18.55527  8.320  1.50  1.56
 749 20210225 155451.369 63.86355 -22.49178  4.303  3.21  2.69
 750 20210225 160229.243 63.92067 -22.21662  5.756  1.71  0.97
 751 20210225 160725.985 63.91309 -22.07691  1.626  1.37  1.06
 752 20210225 161027.621 63.91957 -22.20349  5.256  2.12  1.53
 753 20210225 162358.376 63.92205 -22.20280  7.155  1.27  0.71
 754 20210225 162622.479 63.89968 -22.24006  5.469  1.87  0.96
 755 20210225 170710.640 63.58683 -19.13134  0.443  1.81  1.53
 756 20210225 172751.991 63.59643 -19.13008  0.135  1.35  1.61
 757 20210225 175349.272 63.92685 -22.21812  6.041  1.19  0.66
 758 20210225 175429.556 63.92723 -22.01166  7.227  1.60  1.28
 759 20210225 180239.668 63.88652 -22.22644  6.561  2.17  1.46
 760 20210225 194141.193 63.89385 -22.16819  6.298  2.18  1.74
 761 20210225 211638.138 64.80698 -18.98929  3.733  1.82  1.63
 762 20210225 212647.183 63.90282 -22.22877  0.135  0.82  0.36
 763 20210225 214418.850 64.50482 -17.51896 10.326  1.92  1.42
 764 20210225 214609.979 63.89754 -22.23969  7.160  1.83  1.30
 765 20210225 215502.827 63.89322 -22.24652  4.036  1.48  0.96
 766 20210225 220821.365 63.90552 -22.24029  7.199  1.84  1.67
 767 20210225 221335.538 63.93848 -22.19816  5.120  1.05  0.80
 768 20210225 221730.432 63.90372 -22.21895  9.604  1.56  1.11
 769 20210225 221837.471 63.90522 -22.23408  6.312  2.45  1.90
 770 20210225 232238.263 63.92401 -22.22708  6.917  2.51  1.98
 771 20210225 232415.680 63.89278 -22.27334  5.420  1.65  1.24
 772 20210225 232429.812 63.89390 -22.24397  6.724  1.92  1.38
 773 20210226 002123.005 64.42844 -17.37468  2.384  0.83  0.25
 774 20210226 002248.933 63.92477 -22.19392  6.657  1.77  1.28
 775 20210226 002432.694 63.87845 -22.26865  4.868  1.46  1.13
 776 20210226 002651.352 63.88298 -22.26326  4.692  1.70  0.98
 777 20210226 003239.342 63.90206 -22.21637  6.442  1.40  1.04
 778 20210226 004247.052 63.88215 -22.38222  5.964  2.05  1.25
 779 20210226 004603.639 63.89978 -22.24348  5.888  2.20  1.70
 780 20210226 005100.312 63.90319 -22.28738  5.043  0.80  0.48
 781 20210226 005707.421 63.88427 -22.23073  5.334  1.15  0.84
 782 20210226 005840.020 63.89750 -22.26245  4.760  1.63  1.03
 783 20210226 010402.795 63.88355 -22.26033  5.182  1.26  0.88
 784 20210226 012102.637 63.89565 -22.23861  6.746  1.64  1.13
 785 20210226 012550.189 63.90910 -22.30798  5.397  1.87  1.34
 786 20210226 012705.202 63.89662 -22.22920  6.451  2.22  1.57
 787 20210226 012947.118 63.87980 -22.27317  5.571  1.41  1.28
 788 20210226 014919.565 63.89999 -22.26626  6.145  1.92  1.45
 789 20210226 023731.506 63.86426 -22.23541  3.195  1.15  0.52
 790 20210226 024109.130 66.29198 -18.55138 10.392  0.63  0.89
 791 20210226 024330.206 63.91002 -22.20758  6.334  1.95  1.55
 792 20210226 024512.116 63.90873 -22.20946  6.401  1.84  1.50
 793 20210226 024617.770 63.91423 -22.22657  0.135  0.45  0.20
 794 20210226 024826.315 63.89942 -22.22705  7.021  2.29  1.99
 795 20210226 025126.504 63.91137 -22.20690  6.178  1.77  1.10
 796 20210226 025643.205 63.93793 -22.19803  2.861  1.46  1.08
 797 20210226 030114.375 63.88346 -22.26113  5.025  1.65  1.18
 798 20210226 030316.578 63.87986 -22.26129  5.485  1.16  0.68
 799 20210226 030415.977 63.92639 -22.23372  6.100  1.87  1.51
 800 20210226 032257.544 63.87448 -22.34583  2.209  0.78  0.29
 801 20210226 032909.621 63.92313 -22.23023  7.380  1.20  1.02
 802 20210226 033959.044 63.88453 -22.23282  6.183  1.07  0.21
 803 20210226 034820.471 63.90323 -22.26184  6.252  2.08  1.42
 804 20210226 035056.198 63.87697 -22.45773  2.614  0.86  0.24
 805 20210226 040342.667 63.88901 -22.24010  5.694  1.21  1.01
 806 20210226 043007.519 63.88965 -22.32079  5.943  1.56  1.21
 807 20210226 043453.527 63.90968 -22.04882  4.065  1.24  0.96
 808 20210226 044717.665 63.92015 -22.20291  8.180  1.08  0.70
 809 20210226 045627.358 63.88005 -22.43959  0.854  0.37 -0.15
 810 20210226 050612.065 63.89918 -22.07738  5.621  1.18  0.50
 811 20210226 051202.846 63.92647 -22.19561  8.486  1.58  1.16
 812 20210226 051717.396 63.91760 -22.22833  7.824  1.52  1.50
 813 20210226 052756.357 63.93075 -22.22469  6.364  1.93  1.48
 814 20210226 054207.752 63.88185 -22.24775  6.457  1.83  0.75
 815 20210226 054615.112 63.88227 -22.36053  0.135  1.10  0.66
 816 20210226 055809.478 63.93571 -22.18116  7.097  2.88  2.50
 817 20210226 060012.318 63.88657 -22.23241  6.424  1.78  1.26
 818 20210226 060222.750 63.85296 -22.39548  4.262  1.54  0.91
 819 20210226 061340.031 63.92268 -22.22768  6.951  1.89  1.40
 820 20210226 061909.853 63.91652 -22.23156  7.486  1.43  1.20
 821 20210226 062215.669 63.91980 -22.20795  6.101  2.45  1.89
 822 20210226 063319.383 63.87537 -22.46091  2.229  0.82  0.34
 823 20210226 063405.229 63.91963 -22.22520  6.636  2.14  1.61
 824 20210226 063836.224 63.91785 -21.90302  3.470  1.51  1.71
 825 20210226 064802.232 63.91652 -22.01077  5.084  1.09  1.25
 826 20210226 064954.748 66.21008 -17.65704  8.976  1.26  1.30
 827 20210226 065101.668 63.86427 -22.23411  4.407  2.39  2.34
 828 20210226 065244.075 63.90941 -22.20833  5.498  2.16  1.58
 829 20210226 065540.256 63.88438 -22.22911  6.598  1.42  0.35
 830 20210226 065742.471 63.91456 -22.21197  5.323  2.00  1.27
 831 20210226 065903.308 63.88511 -22.23593  6.822  1.62  1.13
 832 20210226 072810.539 63.89803 -22.23571  6.414  1.50  0.84
 833 20210226 072845.276 63.90508 -22.24168  6.641  2.26  1.66
 834 20210226 073052.443 63.91913 -22.22333  7.494  1.26  1.25
 835 20210226 074925.505 63.92686 -22.23037  6.252  2.77  2.49
 836 20210226 075352.421 63.93033 -22.20152  5.532  1.84  1.42
 837 20210226 075548.240 63.92443 -22.22903  6.143  2.17  1.61
 838 20210226 075745.374 63.91924 -22.06002  2.908  1.50  1.34
 839 20210226 080655.127 63.92492 -22.23531  6.509  2.35  2.01
 840 20210226 081934.543 63.88150 -22.34307  3.040  1.20  0.80
 841 20210226 082212.973 63.89951 -22.21170  5.965  1.35  0.88
 842 20210226 083739.649 63.90206 -22.23050  6.768  3.22  2.92
 843 20210226 084020.747 63.91824 -22.20512  6.299  1.96  1.49
 844 20210226 084146.674 63.90318 -22.23167  6.166  1.39  0.74
 845 20210226 090407.312 63.90213 -22.23104  6.585  2.04  1.78
 846 20210226 090556.046 63.93601 -22.18200  7.130  1.65  1.49
 847 20210226 091137.416 63.90573 -22.22960  6.562  1.90  1.64
 848 20210226 092547.442 63.91738 -22.20351  6.356  1.86  1.42
 849 20210226 092622.098 63.93700 -22.18419  3.192  0.83  0.57
 850 20210226 092835.149 63.92561 -22.23322  7.037  2.13  1.58
 851 20210226 093110.932 63.90020 -22.21208  6.435  1.64  0.95
 852 20210226 093145.587 63.90350 -22.23285  6.701  1.96  1.49
 853 20210226 094050.870 63.92448 -22.22151  6.959  2.14  1.60
 854 20210226 094220.432 63.92117 -22.19473  8.651  1.56  1.36
 855 20210226 094807.632 63.91522 -22.22759  6.607  1.78  0.79
 856 20210226 095452.232 63.90890 -22.23837  8.752  1.37  1.53
 857 20210226 095726.557 63.93153 -22.18613  6.626  1.72  1.55
 858 20210226 100718.528 63.93311 -22.19931  5.213  2.09  1.47
 859 20210226 101744.588 63.89731 -22.23456  6.824  2.81  2.35
 860 20210226 103314.044 63.90977 -22.23957  7.486  1.64  1.35
 861 20210226 103556.881 63.90187 -22.24001  6.929  1.87  1.41
 862 20210226 103658.154 63.92809 -21.98068  7.600  1.46  1.22
 863 20210226 103752.753 63.91891 -22.23424  7.079  1.72  1.41
 864 20210226 103844.878 63.90126 -22.24413  6.381  1.63  1.06
 865 20210226 104034.140 63.90490 -22.23133  5.363  1.61  1.23
 866 20210226 104445.293 63.90242 -22.24593  7.289  1.62  1.08
 867 20210226 104954.056 63.90231 -22.24387  6.782  1.97  1.62
 868 20210226 105645.738 63.90398 -22.25098  7.816  1.57  1.18
 869 20210226 110109.525 63.90068 -22.24053  6.666  2.43  1.98
 870 20210226 110209.451 63.90216 -22.23787  6.572  2.46  1.96
 871 20210226 110945.254 63.90539 -22.25699  6.780  1.93  1.32
 872 20210226 111121.719 63.89594 -22.24277  6.609  1.83  1.25
 873 20210226 111235.177 63.89843 -22.24153  6.564  1.87  1.17
 874 20210226 111304.614 63.90142 -22.24411  6.690  2.00  1.51
 875 20210226 111349.441 63.89821 -22.24543  5.428  1.87  1.50
 876 20210226 111429.174 63.89542 -22.24560  6.331  1.30  1.38
 877 20210226 111431.518 63.89762 -22.24444  6.682  2.00  1.48
 878 20210226 111713.281 63.90285 -22.23798  6.371  2.46  2.20
 879 20210226 111826.576 63.89373 -22.24813  5.808  2.47  1.82
 880 20210226 112031.010 63.90801 -22.23347  4.896  2.09  1.18
 881 20210226 112050.764 63.90293 -22.24570  6.774  2.04  1.52
 882 20210226 112224.128 63.92169 -22.23613  7.253  2.15  1.92
 883 20210226 112343.505 63.89116 -22.25874  6.587  2.42  1.97
 884 20210226 112453.852 63.89798 -22.24319  6.314  1.75  1.05
 885 20210226 112648.367 63.90271 -22.24077  6.144  2.67  2.35
 886 20210226 112908.193 63.89669 -22.24979  6.659  1.89  1.42
 887 20210226 115950.130 63.91035 -22.23993  6.626  3.39  3.24
 888 20210226 120603.476 63.91220 -22.23863  5.803  3.15  2.81
 889 20210226 120649.773 63.91344 -22.24259  4.414  4.44  4.17
 890 20210226 120856.127 63.90195 -22.24575  1.144  2.79  2.52
 891 20210226 120933.753 63.90237 -22.23218  0.485  2.34  2.17
 892 20210226 121022.302 63.91772 -22.23295  5.067  3.57  3.57
 893 20210226 121409.284 63.89658 -22.28826  4.847  2.91  2.63
 894 20210226 121441.919 63.91018 -22.23893  6.378  3.42  3.26
 895 20210226 121530.394 63.89893 -22.28265  4.751  3.00  2.86
 896 20210226 121753.137 63.89565 -22.24117  2.526  2.70  2.46
 897 20210226 122005.444 63.91100 -22.22821  0.228  2.80  2.52
 898 20210226 122128.801 63.91481 -22.23647  5.868  3.00  2.64
 899 20210226 122413.254 63.91022 -22.24195  6.397  4.01  4.07
 900 20210226 122540.612 63.91890 -22.22907  5.380  2.48  2.24
 901 20210226 123357.499 63.91156 -22.23520  6.000  2.62  2.36
 902 20210226 123512.743 63.91721 -22.22974  6.014  2.48  2.24
 903 20210226 124257.809 63.89925 -22.28361  5.583  3.00  2.62
 904 20210226 124837.640 63.91420 -22.23416  6.826  3.18  3.04
 905 20210226 124921.396 63.91127 -22.24306  5.933  2.55  2.26
 906 20210226 124938.858 63.89116 -22.29017  3.051  2.60  2.48
 907 20210226 125207.144 63.90734 -22.25117  7.084  2.95  2.37
 908 20210226 125344.536 63.90177 -22.26465  3.490  2.69  2.46
 909 20210226 125628.054 63.91157 -22.24150  5.556  2.75  2.58
 910 20210226 125833.054 63.91479 -22.22437  4.563  2.53  2.25
 911 20210226 130650.008 63.91405 -22.22567  5.890  2.29  1.72
 912 20210226 131045.622 63.91652 -22.22239  6.404  3.31  3.22
 913 20210226 131047.482 66.64912 -17.93106 11.790  1.59  1.64
 914 20210226 133319.251 63.92763 -22.21875  5.299  2.84  2.56
 915 20210226 133409.730 63.91008 -22.24075  6.407  3.66  3.26
 916 20210226 133520.348 63.91068 -22.24041  5.630  2.78  1.93
 917 20210226 133548.051 63.91566 -22.22309  5.550  2.56  2.16
 918 20210226 133637.947 63.91879 -22.22618  6.229  2.86  2.71
 919 20210226 133939.738 63.91418 -22.23796  6.273  2.73  2.34
 920 20210226 134415.287 63.91156 -22.23975  6.568  2.99  2.61
 921 20210226 135154.686 63.91914 -22.22511  6.203  4.08  3.79
 922 20210226 135216.311 63.90086 -22.26680  5.513  3.27  2.98
 923 20210226 142058.059 63.89434 -20.95532  3.205  0.87  1.11
 924 20210226 143037.792 63.93012 -22.19998  3.805  2.45  2.12
 925 20210226 143801.517 63.92262 -22.21010  5.640  2.77  2.24
 926 20210226 144449.996 63.92534 -22.22223  4.806  2.48  2.08
 927 20210226 145143.607 63.91597 -22.22640  6.589  2.66  2.02
 928 20210226 145438.575 63.91168 -22.19395  3.924  3.05  2.88
 929 20210226 151030.593 63.92850 -22.21772  5.986  4.17  3.80
 930 20210226 151219.562 63.91586 -22.22874  6.267  2.95  2.88
 931 20210226 151427.850 63.92225 -22.21799  5.265  3.08  2.78
 932 20210226 151543.515 63.92675 -22.21929  5.512  3.20  3.14
 933 20210226 155605.926 63.92093 -22.21698  4.862  2.73  2.41
 934 20210226 161037.790 63.91885 -22.22658  6.428  2.00  1.75
 935 20210226 161131.818 63.90708 -22.23396  5.629  3.04  2.95
 936 20210226 161327.869 63.91138 -22.23908  6.218  3.04  2.64
 937 20210226 162027.674 63.91772 -22.23115  6.641  2.75  2.48
 938 20210226 163203.519 63.92305 -22.22553  4.772  3.02  2.82
 939 20210226 164830.640 63.90839 -22.23821  6.632  4.40  4.10
 940 20210226 164856.335 63.92136 -22.22779  4.186  3.38  3.66
 941 20210226 165628.872 63.90466 -22.27204  5.656  3.80  3.89
 942 20210226 165814.911 63.90962 -22.23804  4.439  2.65  2.13
 943 20210226 170345.356 63.91000 -22.23826  5.282  2.46  2.07
 944 20210226 170829.944 63.90759 -22.23401  5.595  3.26  3.12
 945 20210226 171134.433 66.59229 -17.78919  8.203  1.36  1.41
 946 20210226 171233.869 63.91776 -22.23510  6.119  3.58  3.45
 947 20210226 172528.619 63.91021 -22.23870  5.927  2.74  2.32
 948 20210226 172723.195 63.91393 -22.23532  5.889  2.66  2.01
 949 20210226 173452.463 63.91688 -22.22243  6.345  2.62  2.12
 950 20210226 173719.233 63.89640 -22.26945  4.186  2.48  2.13
 951 20210226 174009.777 63.91766 -22.22758  6.089  3.21  2.83
 952 20210226 180004.416 63.91364 -22.22969  5.002  2.24  1.74
 953 20210226 181359.579 63.91870 -22.22804  6.558  3.61  3.22
 954 20210226 182442.455 63.91153 -22.23773  5.714  4.06  3.77
 955 20210226 192321.249 63.91774 -22.22334  6.378  3.30  3.16
 956 20210226 192616.253 63.92284 -22.21094  5.730  3.22  3.11
 957 20210226 192732.050 63.87426 -22.23227  4.319  2.50  2.16
 958 20210226 193018.272 63.91655 -22.22490  5.232  2.73  2.43
 959 20210226 194503.890 63.91425 -22.23195  5.730  2.90  2.95
 960 20210226 195319.614 63.91930 -22.21266  5.380  3.44  3.16
 961 20210226 200809.639 63.92266 -22.22121  5.698  4.63  4.06
 962 20210226 204723.125 63.91890 -22.21490  5.700  3.99  3.47
 963 20210226 205836.058 63.92219 -22.21466  6.477  3.50  2.87
 964 20210226 210933.267 63.92047 -22.21629  6.062  3.38  3.13
 965 20210226 210952.050 66.27190 -17.49637 10.693  1.35  1.36
 966 20210226 212219.484 63.93607 -22.19595  5.608  3.57  3.21
 967 20210226 213453.785 63.95402 -21.97822  3.161  1.65  1.51
 968 20210226 213904.013 63.91751 -22.21453  7.434  2.26  1.84
 969 20210226 214048.713 63.91752 -22.21232  7.514  2.05  1.89
 970 20210226 214114.015 63.91632 -22.22856  6.871  2.06  1.67
 971 20210226 214202.421 63.88581 -22.22721  5.035  3.04  2.38
 972 20210226 214414.672 63.91741 -22.21401  7.209  2.42  1.91
 973 20210226 214457.601 63.92196 -22.21217  6.404  2.64  2.31
 974 20210226 220852.647 63.92064 -22.21721  5.146  3.09  2.98
 975 20210226 221026.147 63.91605 -22.23179  5.421  1.88  1.64
 976 20210226 221411.676 63.92336 -22.21294  5.451  3.36  3.19
 977 20210226 221653.592 63.93948 -22.20443  6.767  2.32  2.15
 978 20210226 222235.919 63.66219 -19.07976  1.144  0.72 -0.24
 979 20210226 222806.954 63.93299 -22.18499  6.746  2.31  1.81
 980 20210226 223059.510 63.92163 -22.20399  7.977  2.08  1.39
 981 20210226 223133.639 63.92031 -22.21607  6.177  2.47  2.13
 982 20210226 223344.503 63.92723 -22.21210  6.463  2.36  1.98
 983 20210226 223815.975 63.92127 -22.21232  5.632  2.84  2.54
 984 20210226 223843.866 63.92277 -22.21816  5.743  4.86  4.27
 985 20210226 234914.297 63.91724 -22.19213  7.345  2.39  2.00
 986 20210226 235931.617 63.91889 -22.21468  5.687  3.66  3.21
 987 20210227 000233.007 63.91924 -22.20105  7.264  2.16  1.77
 988 20210227 000803.970 63.91843 -22.20726  5.791  2.05  1.71
 989 20210227 000949.372 63.92282 -22.19848  7.247  2.03  1.99
 990 20210227 001152.268 63.92157 -22.20672  5.224  2.90  2.81
 991 20210227 001407.553 63.92245 -22.20097  7.679  2.00  1.68
 992 20210227 001553.477 63.89529 -22.28828  6.356  2.23  1.75
 993 20210227 001715.196 63.91531 -22.21369  7.613  2.14  1.76
 994 20210227 002034.376 63.93004 -22.20969  4.867  3.63  3.24
 995 20210227 003339.755 63.91309 -22.21714  7.468  2.29  1.80
 996 20210227 003543.207 63.91542 -22.21993  6.999  2.08  1.58
 997 20210227 003653.285 63.91954 -22.19881  7.167  2.48  1.91
 998 20210227 004128.325 63.91766 -22.22061  7.691  1.96  1.50
 999 20210227 004156.846 63.91222 -22.22485  7.001  1.85  1.65
1000 20210227 004232.561 63.91674 -22.20772  7.014  2.17  1.92
1001 20210227 004518.722 63.92760 -22.20376  6.098  2.54  2.48
1002 20210227 005009.336 63.91542 -22.22013  6.725  2.41  1.91
1003 20210227 005109.978 63.92233 -22.21235  5.311  2.84  2.46
1004 20210227 010158.846 63.91576 -22.21305  7.841  2.21  1.85
1005 20210227 010645.684 63.93494 -22.18307  6.648  2.70  2.47
1006 20210227 010930.195 63.92338 -22.21074  5.620  1.81  1.80
1007 20210227 011604.399 63.91455 -22.21567  7.878  2.03  1.58
1008 20210227 011647.255 63.91602 -22.21989  6.354  2.30  1.91
1009 20210227 012232.194 63.92081 -22.21067  6.634  1.81  1.27
1010 20210227 012319.763 63.91636 -22.21455  7.354  2.29  1.59
1011 20210227 012407.359 63.90309 -22.23927  5.961  2.39  2.08
1012 20210227 012508.934 63.91562 -22.21514  7.113  2.33  1.76
1013 20210227 012626.697 63.91817 -22.22113  7.338  1.79  1.70
1014 20210227 013148.188 63.91129 -22.23240  5.436  2.63  2.23
1015 20210227 013227.357 63.94790 -22.01562  4.119  1.82  1.66
1016 20210227 015043.002 63.92679 -22.20295  4.803  1.97  2.11
1017 20210227 015111.300 63.92824 -22.20300  0.135  1.93  1.63
1018 20210227 020432.883 63.90133 -22.28121  6.356  2.28  1.75
1019 20210227 020635.703 63.88403 -22.24330  6.401  1.96  1.67
1020 20210227 021048.652 63.88289 -22.24150  5.385  1.72  1.41
1021 20210227 021157.912 63.93216 -22.20543  4.627  3.05  2.92
1022 20210227 021637.242 63.87898 -22.38824  0.135  1.27  0.71
1023 20210227 021719.482 63.91774 -22.21188  7.076  2.57  2.12
1024 20210227 021835.725 63.93045 -22.20459  5.176  2.49  2.13
1025 20210227 021932.651 63.92405 -22.18472  7.356  2.01  1.64
1026 20210227 022823.367 63.89666 -22.27009  6.757  2.12  1.73
1027 20210227 022924.941 63.91148 -22.23046  5.298  1.71  1.53
1028 20210227 023008.696 63.92700 -22.20942  5.699  3.78  3.62
1029 20210227 023056.573 63.93877 -22.20882  5.411  3.09  3.18
1030 20210227 023107.627 63.93471 -22.21011  6.038  3.54  3.51
1031 20210227 023652.415 63.94077 -22.20503  6.293  3.46  3.23
1032 20210227 025114.207 63.91023 -22.22128  4.481  2.39  1.83
1033 20210227 025504.532 63.90293 -22.24517  6.546  2.20  1.99
1034 20210227 030122.488 63.92300 -22.20833  5.592  3.10  2.91
1035 20210227 030213.039 63.92034 -22.21779  5.467  2.94  2.69
1036 20210227 032112.748 63.92423 -22.21778  5.284  2.56  1.99
1037 20210227 040307.643 63.91910 -22.23099  5.942  3.15  2.85
1038 20210227 041336.578 63.89678 -22.23962  7.096  1.98  1.50
1039 20210227 041352.666 63.91502 -22.21651  5.620  1.59  1.06
1040 20210227 041410.235 63.92521 -22.20901  4.963  3.65  3.66
1041 20210227 041527.819 63.89967 -22.25616  4.734  1.27  1.51
1042 20210227 041543.450 63.93706 -22.20651  5.363  3.32  2.92
1043 20210227 041609.190 63.91379 -22.22612  5.751  2.61  2.44
1044 20210227 041708.970 63.92407 -22.21082  2.550  1.96  1.51
1045 20210227 041725.943 63.90481 -22.24872  6.809  1.71  1.38
1046 20210227 041748.224 63.92348 -22.20757  1.225  1.10  0.70
1047 20210227 041818.093 63.92017 -22.20481  6.428  1.54  1.16
1048 20210227 042024.477 63.91589 -22.21134  6.719  2.14  1.61
1049 20210227 042142.482 63.91738 -22.20951  0.135  2.43  1.95
1050 20210227 042615.506 63.91941 -22.21289  6.366  2.41  2.09
1051 20210227 043011.999 63.93078 -22.19979  4.405  2.08  1.77
1052 20210227 043057.897 63.92405 -22.21205  5.170  3.25  3.07
1053 20210227 043207.351 63.93507 -22.19313  0.341  1.13  1.01
1054 20210227 043252.205 63.91998 -22.21783  6.448  2.56  2.04
1055 20210227 043534.500 63.92400 -22.22025  3.960  1.66  1.71
1056 20210227 043642.904 63.92009 -22.21749  7.068  2.27  1.93
1057 20210227 043727.593 63.91641 -22.20279  6.823  2.26  1.80
1058 20210227 043834.943 63.92130 -22.19437  7.030  1.55  1.18
1059 20210227 044004.750 63.92197 -22.20391  4.405  1.62  1.36
1060 20210227 044237.468 63.92303 -22.20725  6.223  1.84  1.78
1061 20210227 044427.185 63.90669 -22.24851  4.405  1.37  0.66
1062 20210227 044525.822 63.92009 -22.21368  4.957  2.21  1.74
1063 20210227 045131.755 63.92026 -22.21152  0.308  0.82  0.68
1064 20210227 045538.378 63.92346 -22.21048  6.451  2.90  2.55
1065 20210227 050252.012 63.92495 -22.20230  5.210  2.49  2.11
1066 20210227 051218.561 63.92480 -22.20414  5.409  2.73  2.42
1067 20210227 051518.842 63.92064 -22.22235  5.385  3.06  2.53
1068 20210227 051604.315 63.91341 -22.19858  8.810  1.48  1.02
1069 20210227 051731.588 63.92308 -22.21254  7.737  1.86  1.37
1070 20210227 051818.371 63.90950 -22.24412  5.311  1.71  1.43
1071 20210227 052042.876 63.93486 -22.19108  2.826  1.51  1.29
1072 20210227 052412.759 63.91583 -22.22141  5.706  2.33  1.83
1073 20210227 052622.906 63.92300 -22.20638  7.653  1.55  1.01
1074 20210227 053945.937 63.92966 -22.19816  4.750  2.23  2.04
1075 20210227 054310.518 63.90810 -22.22271  4.735  2.38  1.93
1076 20210227 054557.598 63.91598 -22.20693  8.831  2.15  1.63
1077 20210227 054653.917 63.91246 -22.24259  5.677  1.89  1.75
1078 20210227 054734.749 63.91621 -22.24221  5.558  2.05  1.96
1079 20210227 054930.084 63.91613 -22.21752  5.294  2.03  1.60
1080 20210227 055214.583 63.90691 -22.22098  4.361  2.59  2.12
1081 20210227 055325.276 63.91512 -22.24410  5.403  2.90  2.59
1082 20210227 055448.074 63.91679 -22.23408  5.775  2.80  2.42
1083 20210227 055741.423 63.91571 -22.22168  6.552  2.51  2.21
1084 20210227 055922.303 63.93531 -22.18332  6.667  1.82  1.78
1085 20210227 060024.602 63.91697 -22.21777  1.252  1.20  0.66
1086 20210227 060840.372 63.93182 -22.20497  4.844  2.62  2.04
1087 20210227 061403.835 63.92093 -22.21131  5.384  2.48  2.33
1088 20210227 061705.155 63.90832 -22.21741  5.173  2.75  2.55
1089 20210227 061908.750 63.89482 -22.23317  6.640  2.69  2.26
1090 20210227 062004.830 63.93506 -22.20133  4.656  2.62  2.10
1091 20210227 062356.104 63.92196 -22.21541  6.483  2.15  1.93
1092 20210227 062604.667 63.92847 -22.21150  5.237  2.04  1.68
1093 20210227 063552.449 63.88634 -22.33173  5.473  1.66  1.40
1094 20210227 063814.215 63.90223 -22.29889  5.742  1.51  1.56
1095 20210227 064819.314 63.89136 -22.34096  5.381  1.64  1.16
1096 20210227 065006.656 63.88921 -22.24211  6.793  1.84  1.41
1097 20210227 070351.351 63.92130 -22.21598  6.137  2.50  2.15
1098 20210227 070908.024 63.91022 -22.24140  5.577  2.52  2.27
1099 20210227 071508.968 63.91519 -22.23359  5.793  2.54  2.21
1100 20210227 073139.736 63.92204 -22.21373  4.805  3.13  2.74
1101 20210227 074617.450 63.89816 -22.23787  6.705  3.29  3.21
1102 20210227 080744.389 63.92175 -22.23978  4.782  5.15  4.63
1103 20210227 080855.898 63.92105 -22.22318  4.549  3.88  3.63
1104 20210227 081027.339 63.89558 -22.26971  4.850  3.33  3.30
1105 20210227 081134.875 63.88933 -22.31155  3.077  2.36  2.09
1106 20210227 081219.277 63.89452 -22.30842  4.597  3.51  3.89
1107 20210227 081254.794 63.90700 -22.29035  5.314  3.34  3.20
1108 20210227 081328.453 63.89100 -22.34029  5.536  3.09  2.91
1109 20210227 081449.386 63.89867 -22.27544  4.588  3.44  3.48
1110 20210227 081542.280 63.89872 -22.29696  5.005  1.75  1.84
1111 20210227 081602.886 63.87909 -22.35902  4.752  2.69  2.27
1112 20210227 081625.006 63.89171 -22.31313  3.851  2.58  1.96
1113 20210227 081652.915 63.90245 -22.21176  4.361  2.87  2.91
1114 20210227 081733.889 63.89057 -22.35052  5.490  2.08  1.67
1115 20210227 081753.734 63.85365 -22.27235  8.274  2.21  1.36
1116 20210227 081808.918 63.88185 -22.45682  4.092  2.45  1.87
1117 20210227 081850.357 63.89048 -22.29372  3.905  3.67  3.65
1118 20210227 081918.861 63.89495 -22.31020  3.177  3.20  3.39
1119 20210227 082012.115 63.88547 -22.32055  3.918  2.50  2.33
1120 20210227 082121.966 63.91913 -22.22869  5.674  3.23  2.91
1121 20210227 082157.062 63.89231 -22.31208  3.766  2.31  2.02
1122 20210227 082254.560 63.89749 -22.28444  4.834  2.96  3.06
1123 20210227 082540.360 63.88787 -22.34515  6.141  3.44  2.95
1124 20210227 082627.934 63.91059 -22.23702  6.515  2.54  2.31
1125 20210227 082708.632 63.89265 -22.26192  4.467  2.33  1.85
1126 20210227 082721.566 63.89645 -22.26695  5.165  2.93  2.62
1127 20210227 082808.178 63.86987 -22.24838  3.445  2.59  2.64
1128 20210227 082903.759 63.89969 -22.26375  4.654  2.95  2.64
1129 20210227 082934.984 63.87682 -22.34720  3.856  3.07  2.25
1130 20210227 082954.387 63.87741 -22.35370  3.263  2.46  2.16
1131 20210227 083029.179 63.87496 -22.41433  2.145  1.88  1.36
1132 20210227 083147.090 63.88698 -22.29185  2.017  1.90  1.70
1133 20210227 083325.367 63.86723 -22.24869  3.341  2.95  2.57
1134 20210227 083344.391 63.88775 -22.32891  6.217  2.64  2.15
1135 20210227 083523.378 63.92041 -22.23005  4.434  2.59  2.24
1136 20210227 083606.077 63.90882 -22.23417  5.390  2.17  2.18
1137 20210227 083824.141 63.88531 -22.23115  4.473  2.85  2.47
1138 20210227 083915.224 63.86823 -22.39605  3.704  2.76  2.45
1139 20210227 083931.525 63.88045 -22.33823  3.700  2.67  2.01
1140 20210227 084007.644 63.90968 -22.24370  6.094  2.80  2.50
1141 20210227 084121.396 63.88183 -22.33707  4.167  2.87  2.27
1142 20210227 084302.316 63.89325 -22.31002  3.647  2.81  2.41
1143 20210227 084326.767 63.89327 -22.29334  4.572  3.21  2.41
1144 20210227 084707.695 63.90964 -22.23932  5.794  2.91  2.31
1145 20210227 084734.135 63.90968 -22.24002  6.154  2.42  2.27
1146 20210227 084745.144 63.89270 -22.31590  1.763  1.89  1.53
1147 20210227 084835.978 63.90203 -22.24574  6.750  2.13  1.93
1148 20210227 084844.628 63.90493 -22.24277  7.151  2.16  1.94
1149 20210227 084944.524 63.91044 -22.23009  6.334  2.46  2.11
1150 20210227 085025.585 63.90723 -22.24207  5.618  2.95  2.53
1151 20210227 085106.518 63.90965 -22.24365  6.464  3.25  2.75
1152 20210227 085450.424 63.91141 -22.24007  6.809  3.32  3.19
1153 20210227 085633.607 63.90771 -22.24354  6.702  2.51  1.88
1154 20210227 085727.495 63.88110 -22.34484  4.840  2.02  1.42
1155 20210227 085911.811 63.90650 -22.24289  5.534  2.02  1.75
1156 20210227 090104.488 63.89950 -22.25421  3.815  2.61  2.10
1157 20210227 090210.373 63.90442 -22.24581  6.683  2.81  2.16
1158 20210227 090545.467 63.91148 -22.23949  5.011  2.68  2.25
1159 20210227 091308.272 63.90281 -22.24627  6.545  2.55  2.26
1160 20210227 091403.486 63.88266 -22.32491  4.769  1.66  1.20
1161 20210227 091430.714 63.87622 -22.32449  5.058  2.29  1.63
1162 20210227 091709.749 63.90132 -22.29662  5.473  2.80  2.26
1163 20210227 091914.020 63.90794 -22.23801  5.585  3.30  2.62
1164 20210227 092159.244 63.91126 -22.23950  5.661  3.02  3.05
1165 20210227 092904.499 63.90875 -22.24387  5.053  2.87  2.26
1166 20210227 094152.559 63.90344 -22.24954  1.521  2.23  1.77
1167 20210227 094825.457 63.90857 -22.23683  5.685  2.47  2.38
1168 20210227 095259.528 63.91470 -22.23325  5.871  2.73  2.37
1169 20210227 095341.059 63.91090 -22.24103  5.616  3.05  2.85
1170 20210227 100838.865 63.90561 -22.24248  5.410  2.56  2.41
1171 20210227 101149.210 63.90885 -22.23794  5.412  2.75  2.36
1172 20210227 101300.902 63.91359 -22.22866  5.148  2.79  2.62
1173 20210227 101534.051 63.90432 -22.24347  5.280  2.19  1.75
1174 20210227 103909.331 63.90879 -22.23502  6.387  2.94  2.38
1175 20210227 104321.564 63.91528 -22.22545  5.749  3.28  3.04
1176 20210227 104611.741 63.91035 -22.22752  5.854  2.40  2.20
1177 20210227 112549.119 63.92202 -21.91330  4.701  1.83  2.05
1178 20210227 114025.080 63.91492 -22.23639  5.714  2.90  2.55
1179 20210227 114141.664 63.92359 -21.91138  3.318  1.90  1.92
1180 20210227 114950.822 63.92030 -22.21836  5.139  2.73  2.35
1181 20210227 115456.279 63.91668 -22.22631  6.125  3.28  2.95
1182 20210227 121537.135 63.91106 -22.24200  5.407  3.06  2.82
1183 20210227 122231.271 61.15202 -23.36536  0.591  4.22  3.73
1184 20210227 122256.843 63.90675 -22.21655  4.547  2.96  2.41
1185 20210227 123729.935 63.91616 -22.22552  4.889  2.88  2.45
1186 20210227 124513.652 66.21786 -18.26671  8.148  1.31  1.45
1187 20210227 125028.126 63.91033 -22.24012  5.542  2.75  2.21
1188 20210227 125048.866 63.90602 -22.24002  5.640  3.31  2.88
1189 20210227 130628.928 63.89073 -22.33626  5.780  3.31  2.88
1190 20210227 130811.332 63.92309 -22.24024  4.709  2.93  2.76
1191 20210227 131942.178 63.96161 -22.08471  4.679  3.36  3.13
1192 20210227 134214.481 63.91309 -22.23465  5.579  2.98  2.75
1193 20210227 140233.560 63.92160 -22.22110  4.966  2.78  2.51
1194 20210227 140736.197 63.95987 -22.08873  4.316  1.69  1.66
1195 20210227 145246.633 63.92041 -22.22760  5.873  3.26  3.01
1196 20210227 145455.480 63.91253 -22.22680  5.285  2.95  2.85
1197 20210227 151242.303 63.91123 -22.24001  6.887  3.42  2.98
1198 20210227 151355.627 63.91122 -22.23852  6.209  3.83  3.68
1199 20210227 155148.607 63.91628 -22.23085  5.361  2.34  2.05
1200 20210227 160454.376 63.86930 -22.41875  4.547  2.16  1.07
1201 20210227 170128.357 63.90860 -22.21913  9.594  2.14  1.63
1202 20210227 171637.800 63.90130 -22.28426  6.216  2.41  2.05
1203 20210227 172525.716 63.99982 -21.65224  8.195  1.01  0.71
1204 20210227 172910.527 63.91607 -22.24030  5.069  2.25  1.86
1205 20210227 174114.625 63.90196 -22.24463  6.606  2.18  1.73
1206 20210227 174542.913 63.93637 -22.18341  6.997  1.97  1.71
1207 20210227 174615.288 63.89251 -22.32823  6.617  2.08  1.66
1208 20210227 174901.929 63.88823 -22.40335  5.209  1.96  1.09
1209 20210227 175129.406 63.89944 -22.28370  7.484  1.65  1.28
1210 20210227 180332.909 63.89083 -22.31621  4.372  2.16  1.64
1211 20210227 180333.423 63.89565 -22.30812  3.004  2.14  1.71
1212 20210227 180709.551 63.92162 -22.21405  7.011  2.24  1.88
1213 20210227 181450.869 63.89864 -22.29014  6.674  1.46  1.45
1214 20210227 181500.226 63.89539 -22.31084  3.900  2.14  1.69
1215 20210227 181717.808 66.25543 -16.71796  9.825  0.89  0.99
1216 20210227 184257.130 63.94465 -22.20973  6.622  2.73  2.60
1217 20210227 184437.140 63.91700 -22.22761  4.953  2.20  2.31
1218 20210227 192036.202 63.93769 -22.18166  7.000  3.50  3.03
1219 20210227 192327.220 63.88006 -22.33410  1.499  3.08  3.00
1220 20210227 192833.480 63.92156 -22.21738  6.601  2.82  2.50
1221 20210227 195652.343 63.89544 -22.26503  4.462  1.81  1.16
1222 20210227 201951.493 63.91863 -22.21252  7.508  1.84  1.44
1223 20210227 202118.173 63.93708 -22.19513  5.501  2.16  1.85
1224 20210227 202309.242 63.92796 -22.19421  4.394  2.49  2.19
1225 20210227 203639.857 63.92037 -22.21810  6.342  2.40  1.76
1226 20210227 204147.356 63.90762 -22.23881  7.442  1.91  1.67
1227 20210227 204227.591 63.92110 -22.21327  7.047  2.08  1.64
1228 20210227 204329.532 63.90272 -22.23865  7.486  2.05  1.73
1229 20210227 204507.321 63.92493 -22.21507  5.271  2.31  2.03
1230 20210227 204705.158 63.92025 -22.21599  6.981  2.74  2.12
1231 20210227 221514.751 63.92643 -22.22331  4.561  3.53  3.61
1232 20210227 221641.181 63.91605 -22.21841  3.930  3.32  3.37
1233 20210227 233242.395 63.94187 -22.20370  5.774  2.96  2.95
1234 20210228 000637.046 63.92997 -22.21097  3.185  2.44  2.12
1235 20210228 000908.625 63.92587 -22.21445  4.726  3.49  3.59
1236 20210228 001222.247 63.93593 -22.08485  4.444  2.62  2.16
1237 20210228 001242.890 63.91374 -22.22155  5.663  2.75  2.48
1238 20210228 001520.914 63.91868 -22.22352  6.280  2.04  1.80
1239 20210228 001556.054 63.91793 -22.22781  5.396  2.39  1.81
1240 20210228 001727.652 63.92136 -22.21675  5.030  2.62  2.31
1241 20210228 001914.988 63.92022 -22.23251  5.350  4.70  4.22
1242 20210228 002152.859 63.91570 -22.21695  3.145  2.56  2.11
1243 20210228 002228.943 63.91702 -22.22413  5.424  2.57  2.24
1244 20210228 002336.320 63.89751 -22.23927  6.598  2.29  2.27
1245 20210228 002512.734 63.93601 -22.20016  1.960  2.92  2.71
1246 20210228 002633.724 63.92750 -22.20518  0.041  2.69  2.71
1247 20210228 002735.473 63.90920 -22.24220  5.313  2.06  1.91
1248 20210228 003048.468 63.91498 -22.21953  6.548  2.06  1.82
1249 20210228 003241.265 63.91589 -22.21858  6.584  2.06  1.83
1250 20210228 003608.601 63.91968 -22.21386  6.243  2.05  1.94
1251 20210228 003701.070 63.91647 -22.22017  5.703  1.94  1.60
1252 20210228 004011.617 63.91753 -22.22163  4.519  1.83  1.46
1253 20210228 004037.571 63.91220 -22.22853  6.743  2.39  2.02
1254 20210228 004144.774 63.91946 -22.21914  5.311  2.77  2.58
1255 20210228 004340.633 63.91710 -22.21329  5.434  2.68  2.60
1256 20210228 004522.448 63.92495 -22.21366  4.098  2.87  2.54
1257 20210228 004929.010 63.92678 -22.20357  5.230  2.55  2.12
1258 20210228 005152.193 63.92312 -22.20274  3.872  2.06  1.76
1259 20210228 005321.034 63.92417 -22.21483  4.486  2.60  2.58
1260 20210228 005809.093 63.92027 -22.21487  5.193  1.82  1.83
1261 20210228 010002.491 63.92160 -22.21700  4.352  2.68  2.33
1262 20210228 010435.696 63.91190 -22.21939  3.367  2.39  1.85
1263 20210228 010700.290 63.91904 -22.22588  5.329  1.88  1.56
1264 20210228 010924.199 63.91616 -22.22265  5.418  1.89  1.57
1265 20210228 011406.009 63.91253 -22.22244  5.392  1.87  1.78
1266 20210228 012011.246 63.93470 -22.05567  4.548  3.13  3.26
1267 20210228 012146.177 63.93994 -22.05915  3.307  1.85  1.94
1268 20210228 012236.057 63.90740 -22.16138 10.771  2.13  1.97
1269 20210228 012322.231 63.93701 -22.05495  4.115  1.71  1.49
1270 20210228 013007.622 63.93589 -22.21966  5.415  3.63  3.35
1271 20210228 013203.464 63.93637 -22.22812  9.864  1.92  1.57
1272 20210228 013342.090 63.92708 -22.08922  3.942  2.57  2.41
1273 20210228 013738.437 63.93489 -22.21776  5.740  2.35  2.15
1274 20210228 013858.066 63.92370 -22.20573  4.611  2.58  2.23
1275 20210228 014218.448 63.93530 -22.21884  4.040  2.47  2.33
1276 20210228 023242.799 63.93082 -22.05650  4.708  3.04  2.89
1277 20210228 023449.484 63.90842 -22.24067  6.638  3.19  2.95
1278 20210228 023752.054 63.90981 -22.24134  6.861  3.24  2.66
1279 20210228 023930.547 63.91250 -22.23789  6.291  2.84  2.10
1280 20210228 024447.113 63.94113 -22.05810  2.985  2.63  2.26
1281 20210228 034131.189 66.65981 -17.87897  9.240  1.43  1.47
1282 20210228 034739.772 64.27766 -17.57247  5.252  1.22  0.89
1283 20210228 035137.438 63.92388 -21.91027  2.848  1.52  1.54
1284 20210228 041222.988 63.93325 -22.19765  5.343  3.48  3.10
1285 20210228 045830.218 63.92790 -22.18970  1.144  1.04  0.86
1286 20210228 045927.494 63.82364 -22.50737  5.925  2.25  1.39
1287 20210228 052941.767 63.93412 -22.18452  6.801  2.24  1.88
1288 20210228 053012.480 63.93877 -22.07829  4.258  3.15  3.03
1289 20210228 060552.248 63.92359 -22.19535  7.066  2.23  1.79
1290 20210228 060638.665 63.95214 -22.06018  5.128  3.56  3.09
1291 20210228 061148.881 63.93133 -22.17537  7.171  1.66  1.21
1292 20210228 061343.128 63.94142 -22.20236  6.422  1.31  1.12
1293 20210228 061400.911 63.93253 -22.05381  3.893  1.12  0.77
1294 20210228 061424.694 63.90948 -22.24043  4.374  2.60  2.25
1295 20210228 063945.122 63.87943 -22.26855  5.775  1.49  1.28
1296 20210228 064014.301 63.91991 -22.18530  7.025  1.51  0.95
1297 20210228 064201.798 63.92167 -22.21243  5.222  2.92  2.78
1298 20210228 064316.428 63.91688 -22.21287  7.603  1.75  1.12
1299 20210228 064419.669 63.91610 -22.21638  7.353  1.59  0.97
1300 20210228 064538.419 63.91594 -22.21327  7.458  2.22  1.70
1301 20210228 064615.332 63.92614 -22.19368  1.277  1.68  1.86
1302 20210228 070051.884 63.90530 -22.24594  5.516  1.38  1.07
1303 20210228 075436.437 63.91283 -22.22791  5.176  4.03  3.78
1304 20210228 075502.785 63.90042 -22.21765  5.175  3.36  3.01
1305 20210228 080001.485 63.91831 -22.21847  5.750  3.12  2.96
1306 20210228 080345.308 63.91582 -22.22314  5.629  3.48  3.12
1307 20210228 080851.637 63.91510 -22.22600  5.424  2.57  2.17
1308 20210228 080951.070 63.92033 -22.22078  5.547  2.94  2.55
1309 20210228 081331.779 63.91928 -22.22487  5.463  3.11  2.76
1310 20210228 081556.999 63.91553 -22.22146  5.032  2.60  2.23
1311 20210228 082120.261 63.91575 -22.21872  4.401  2.66  2.32
1312 20210228 082316.152 63.91552 -22.22464  5.570  2.86  2.57
1313 20210228 082436.017 63.91588 -22.22347  5.579  3.32  3.00
1314 20210228 083806.895 63.91841 -22.21928  5.271  3.12  2.95
1315 20210228 083923.802 63.90995 -22.22385  7.426  2.59  2.10
1316 20210228 084115.953 63.91152 -22.22570  5.072  2.95  2.56
1317 20210228 084805.349 63.91822 -22.22071  5.567  2.85  2.49
1318 20210228 093459.999 63.93340 -22.21198  6.313  3.03  2.68
1319 20210228 093704.139 63.92081 -22.22018  5.001  3.09  2.89
1320 20210228 095908.629 63.92755 -22.20976  6.959  2.11  1.69
1321 20210228 104414.190 63.91343 -22.22298  6.092  1.02  0.83
1322 20210228 105642.820 63.90778 -22.23861  5.726  2.83  2.58
1323 20210228 113227.992 63.92184 -22.21108  5.175  4.33  4.01
1324 20210228 114015.062 63.92697 -22.20821  5.121  3.27  2.95
1325 20210228 114503.932 63.91995 -22.22202  5.608  2.95  2.62
1326 20210228 114908.243 63.91358 -22.21600  6.691  2.29  1.97
1327 20210228 115113.733 63.92511 -22.20192  5.117  3.06  2.99
1328 20210228 115338.780 63.92012 -22.21434  5.389  2.34  2.03
1329 20210228 115925.576 63.92281 -22.21078  5.309  2.70  2.28
1330 20210228 120106.661 63.91861 -22.21770  5.596  2.87  2.72
1331 20210228 121002.847 63.92587 -22.19922  4.573  2.78  2.90
1332 20210228 121037.405 63.92455 -22.20925  5.312  2.92  2.75
1333 20210228 121436.981 63.85612 -22.45815  2.719  2.28  1.83
1334 20210228 121539.181 63.92739 -22.19271  4.773  2.21  2.06
1335 20210228 121616.029 63.85209 -22.45808  4.048  3.65  3.21
1336 20210228 121706.007 63.92734 -22.20020  4.820  2.95  2.66
1337 20210228 121747.324 63.85508 -22.47381  4.847  3.49  2.94
1338 20210228 121809.553 63.85645 -22.47126  1.955  2.33  1.60
1339 20210228 121831.582 63.92082 -22.20914  4.887  2.28  2.11
1340 20210228 121913.679 63.85374 -22.46114  1.806  2.17  1.69
1341 20210228 122024.363 63.92934 -22.20122  4.843  3.25  2.91
1342 20210228 122039.530 63.92752 -22.19967  4.703  3.05  3.05
1343 20210228 122716.194 63.92847 -22.21053  4.138  3.15  2.77
1344 20210228 123237.910 63.92506 -22.20369  5.344  3.20  2.85
1345 20210228 125026.439 63.92717 -22.19576  5.245  3.29  2.79
1346 20210228 125209.113 63.93553 -22.19319  5.037  2.62  2.53
1347 20210228 125226.979 63.93138 -22.20513  3.836  2.88  3.00
1348 20210228 132721.602 66.65468 -17.89808 11.969  2.00  1.61
1349 20210228 135255.174 63.93787 -22.18931  4.486  2.38  1.95
1350 20210228 140403.493 66.21730 -17.66305 10.959  0.63  0.80
1351 20210228 141714.906 63.93315 -22.19558  4.990  2.21  2.00
1352 20210228 142512.016 63.92899 -22.19628  3.519  2.81  2.50
1353 20210228 144334.374 63.92706 -22.19191  5.865  2.94  2.58
1354 20210228 144411.639 63.92857 -22.20146  5.374  2.60  2.49
1355 20210228 151549.765 63.93557 -22.19186  3.931  2.54  2.37
1356 20210228 152311.031 64.40186 -17.33344  3.848  0.86  1.42
1357 20210228 152557.338 64.64683 -17.37560  0.135  0.62  0.42
1358 20210228 153551.423 63.93574 -22.19398  5.014  3.09  3.16
1359 20210228 153852.818 63.93518 -22.19699  4.845  3.13  3.06
1360 20210228 153931.242 63.93518 -22.19923  8.176  4.14  3.69
1361 20210228 155328.088 63.94067 -22.19402  3.925  2.78  2.37
1362 20210228 155836.409 63.94743 -22.18453  0.135  2.36  2.10
1363 20210228 160143.928 63.93124 -22.18781  5.408  3.88  3.52
1364 20210228 161742.400 63.92763 -22.19184  4.841  2.82  2.44
1365 20210228 162956.753 63.94225 -22.18569  4.101  4.25  4.01
1366 20210228 163633.979 63.92892 -22.18768  6.299  2.34  2.02
1367 20210228 163638.657 63.93910 -22.18138  4.511  2.35  2.08
1368 20210228 164732.656 66.21341 -17.65828  9.423  1.37  1.66
1369 20210228 165057.872 63.93868 -22.20980  6.988  3.79  3.68
1370 20210228 172944.268 63.93668 -22.18338  6.900  3.25  3.05
1371 20210228 180932.877 66.21906 -18.53424  9.116  2.56  2.55
1372 20210228 184317.666 63.93257 -22.18804  6.597  3.98  3.52
1373 20210228 190137.191 63.92434 -22.18765  5.035  4.68  4.24
1374 20210228 191101.534 63.93189 -22.18722  5.584  1.80  1.37
1375 20210228 191122.699 63.93766 -22.08473  2.521  1.58  1.14
1376 20210228 191928.275 63.93282 -22.08278  3.659  1.79  1.23
1377 20210228 191951.293 63.93673 -22.19161  6.586  2.53  2.32
1378 20210228 192350.163 63.92910 -22.18891  6.574  2.02  1.70
1379 20210228 192451.628 63.94323 -22.17542  2.616  1.88  1.84
1380 20210228 192907.562 63.93134 -22.19032  5.352  2.43  2.00
1381 20210228 193054.057 63.94623 -22.08386  3.589  1.92  1.67
1382 20210228 193720.627 63.93502 -22.18797  4.982  2.84  2.37
1383 20210228 194927.388 63.92447 -22.06380  5.274  1.78  1.12
1384 20210228 195035.192 63.93202 -22.08064  3.223  3.31  3.35
1385 20210228 195037.977 63.93983 -22.08867  1.379  3.14  3.41
1386 20210228 195125.877 63.92909 -22.08565  4.736  2.45  2.41
1387 20210228 195307.232 63.93024 -22.07836  2.561  3.12  2.92
1388 20210228 195401.961 63.92547 -22.19600  7.026  2.41  2.12
1389 20210228 195539.551 63.86808 -22.45790  2.747  1.30  0.64
1390 20210228 195633.152 63.93044 -22.18714  7.180  1.86  1.75
1391 20210228 200034.538 63.92913 -22.20024  5.274  2.40  2.06
1392 20210228 200546.599 63.93093 -22.08603  3.516  1.54  1.42
1393 20210228 200810.750 63.92096 -22.07774  3.887  1.65  1.69
1394 20210228 201328.811 63.93521 -22.08181  3.171  2.14  1.83
1395 20210228 201714.120 63.92997 -22.20197  4.252  1.90  1.70
1396 20210228 201910.896 63.92937 -22.07790  3.521  3.08  2.98
1397 20210228 202251.039 63.92015 -22.07135  5.027  1.51  1.39
1398 20210228 202700.805 63.93717 -22.08304  4.388  2.89  2.48
1399 20210228 203031.628 63.93359 -22.20013  6.334  2.07  1.67
1400 20210228 203126.105 63.92966 -22.09060  2.886  1.73  1.55
1401 20210228 203432.179 63.93946 -22.08593  2.197  1.72  1.27
1402 20210228 204511.606 63.91430 -22.20373  7.823  2.14  1.82
1403 20210228 204554.335 63.93169 -22.19455  5.726  2.15  1.78
1404 20210228 204655.188 63.93018 -22.19379  7.060  2.56  2.13
1405 20210228 204755.406 63.93013 -22.19438  7.120  1.53  1.58
1406 20210228 204827.712 63.93232 -22.20307  6.905  1.64  1.55
1407 20210228 204852.348 63.94233 -22.08787  4.325  2.50  2.06
1408 20210228 205031.306 63.93318 -22.20020  6.768  2.22  2.03
1409 20210228 205248.090 63.87619 -22.47032  4.259  2.10  1.41
1410 20210228 205345.221 63.93977 -22.09235  3.195  1.82  1.59
1411 20210228 205421.113 63.92163 -22.20240  5.407  2.03  1.90
1412 20210228 205521.802 63.93927 -22.17746  4.110  2.40  1.97
1413 20210228 205729.660 63.93114 -22.20478  7.446  2.00  1.64
1414 20210228 211757.406 63.93363 -22.19046  6.642  3.08  2.95
1415 20210228 213556.510 63.93430 -22.19124  6.918  3.84  3.77
1416 20210228 213845.091 63.92945 -22.19235  6.689  1.70  1.52
1417 20210228 213953.918 63.94266 -22.05460  3.896  2.16  2.17
1418 20210228 214019.207 63.93963 -22.04865  1.528  2.19  1.74
1419 20210228 214042.813 63.94669 -22.06215  2.812  2.15  1.74
1420 20210228 214135.109 63.93157 -22.18213  6.552  1.68  1.36
1421 20210228 214546.858 63.92701 -22.19996  5.634  1.87  1.46
1422 20210228 214743.392 64.54234 -20.77826  2.738  1.97  2.07
1423 20210228 214824.003 63.93589 -22.19252  5.528  2.71  2.60
1424 20210228 214953.783 63.93269 -22.07007  4.006  1.94  1.95
1425 20210228 215731.438 63.93344 -22.19644  5.836  2.02  1.80
1426 20210228 215900.559 63.93466 -22.13876  0.412  1.82  1.59
1427 20210228 220041.523 63.87715 -22.30469  0.135  1.16  1.85
1428 20210228 220043.298 63.93909 -22.20980  8.092  1.78  1.74
1429 20210228 220322.082 63.93264 -22.19031  6.973  1.72  1.64
1430 20210228 230319.882 63.93504 -22.19046  6.870  2.84  2.56
1431 20210228 230356.334 63.92678 -22.07077  4.579 -9.99  1.90
1432 20210228 231608.373 63.93509 -22.19147  6.606  3.07  2.84
1433 20210228 232134.032 63.93163 -22.21266  5.426  3.04  3.22
1434 20210228 235023.039 63.91494 -22.18193  9.190  1.14  0.96
1435 20210228 235049.178 63.92494 -22.19624  6.638  1.16  0.71
1436 20210228 235117.919 63.91634 -22.18912  6.942  1.34  0.75
1437 20210228 235155.780 63.93990 -22.19150  5.384  2.19  1.78
1438 20210228 235317.920 63.87588 -22.27584  5.644  1.56  1.42
1439 20210228 235533.164 63.93254 -22.18982  1.201  0.80  0.49
1440 20210228 235559.073 63.93468 -22.08012  2.307  1.53  1.43
1441 20210228 235634.790 63.92332 -22.20653  0.042  1.82  1.56
1442 20210228 235719.402 63.89804 -22.23448  5.847  0.72  0.18
1443 20210228 235748.454 63.92884 -22.19057  0.316  1.12  0.72
1444 20210228 235829.107 63.92922 -22.19988  5.218  2.17  1.94
